90 1
30 
7 0 5
6 2 5
6 2 5
9 5 5
9 1 5
10 4 5
10 7 5
7 6 5
9 0 5
7 8 5
7 5 5
9 6 5
6 5 5
7 1 5
10 7 5
7 6 5
7 4 5
9 6 5
6 3 5
7 7 5
9 2 5
8 2 5
8 0 5
6 2 5
8 2 5
9 2 4
7 6 4
7 1 4
9 7 4
7 7 4
9 1 4
8 5 4
6 6 4
9 5 4
8 3 4
8 2 4
7 6 4
9 0 4
10 0 4
10 8 4
9 1 4
9 4 4
6 4 4
6 7 3
6 8 3
8 8 3
7 6 3
10 8 3
10 3 3
7 7 3
6 8 3
8 0 3
6 3 3
8 3 3
7 2 3
6 1 2
7 3 2
7 3 2
9 8 2
6 0 2
6 1 2
7 5 2
10 7 2
7 1 2
10 1 2
7 0 2
9 4 2
10 8 2
9 4 2
7 5 2
8 2 2
9 6 1
10 8 1
8 6 1
6 5 1
7 7 1
6 8 1
8 5 1
9 5 1
6 4 1
9 4 1
9 2 1
10 0 1
8 2 1
6 2 1
9 5 1
6 4 1
9 0 1
9 3 1
8 8 1
