80 1
30 
8 5 5
6 1 5
6 8 5
6 2 5
6 2 5
7 2 5
8 0 5
10 3 5
7 6 5
10 8 5
8 2 4
10 4 4
10 7 4
6 8 4
10 6 4
7 4 4
9 7 4
6 2 4
10 5 4
8 7 4
7 0 4
8 3 4
6 2 4
6 8 4
7 4 4
6 3 4
10 2 3
10 4 3
6 6 3
6 7 3
7 4 3
7 0 3
9 2 3
9 4 3
9 0 3
6 5 3
6 3 3
6 0 3
7 3 3
7 0 3
8 1 3
6 0 3
7 2 3
9 6 3
10 8 3
6 5 3
6 4 3
8 2 2
9 0 2
10 5 2
8 4 2
7 8 2
6 4 2
9 3 2
6 2 2
9 2 2
7 1 2
10 4 2
6 7 2
6 5 2
7 0 2
10 3 2
10 0 2
10 0 2
8 6 1
6 6 1
9 0 1
9 7 1
8 5 1
6 7 1
7 1 1
8 2 1
6 7 1
7 3 1
7 3 1
6 6 1
6 0 1
6 1 1
7 1 1
6 7 1
