120 1
30 
8 7 5
8 4 5
6 8 5
8 6 5
6 4 5
9 2 5
8 2 5
8 0 5
7 7 5
7 4 5
6 8 5
10 8 5
10 1 5
6 0 5
10 5 5
9 0 5
9 2 5
7 6 5
6 7 5
7 3 5
9 0 5
10 2 5
7 0 5
7 4 5
7 2 4
10 5 4
8 6 4
8 8 4
9 7 4
7 1 4
7 8 4
6 6 4
9 2 4
7 8 4
7 7 4
8 0 4
9 5 4
7 6 4
10 3 4
10 2 4
6 5 4
9 0 4
8 3 4
10 8 4
10 1 4
7 8 4
8 3 4
10 7 4
9 0 4
7 0 4
8 7 4
8 1 4
10 3 3
7 0 3
10 5 3
8 0 3
7 0 3
9 7 3
7 5 3
9 7 3
10 4 3
7 7 3
7 5 3
10 7 3
10 8 3
9 2 3
8 3 3
6 4 3
8 6 3
8 8 3
7 0 3
7 1 3
8 1 3
7 5 3
8 7 3
9 4 3
7 8 2
9 2 2
7 5 2
8 6 2
6 7 2
7 5 2
6 7 2
6 8 2
7 0 2
10 2 2
9 3 2
7 8 2
7 3 2
6 7 2
8 4 2
10 8 2
9 5 2
7 2 2
6 5 2
9 7 2
9 4 2
8 0 2
7 6 2
7 8 2
8 0 2
6 4 2
10 3 2
8 7 2
9 3 1
7 5 1
6 6 1
6 1 1
7 8 1
8 5 1
7 3 1
9 1 1
10 7 1
7 4 1
9 8 1
6 8 1
10 5 1
10 6 1
6 5 1
9 5 1
