90 1
30 
10 5 5
6 3 5
6 8 5
7 2 5
7 2 5
10 4 5
6 4 5
8 2 5
7 4 5
10 4 5
8 3 5
7 4 5
10 0 5
10 1 5
10 0 5
10 2 5
7 7 5
8 1 5
10 8 4
9 5 4
9 0 4
7 5 4
6 2 4
7 6 4
9 4 4
7 5 4
9 3 4
7 4 4
10 7 4
9 2 4
8 1 4
10 0 4
6 6 4
6 7 3
7 6 3
8 7 3
8 3 3
10 8 3
6 0 3
7 2 3
9 8 3
6 2 3
10 7 3
7 3 3
8 7 3
6 4 3
7 6 3
10 2 3
7 4 3
10 3 3
7 5 3
6 3 3
10 8 3
10 8 3
8 3 3
8 4 2
10 1 2
10 5 2
9 3 2
8 0 2
9 3 2
9 7 2
10 8 2
7 0 2
10 5 2
8 2 2
8 0 2
6 7 2
6 5 2
6 4 2
10 1 2
10 2 2
8 4 2
7 2 2
9 5 1
9 4 1
9 6 1
7 8 1
9 2 1
10 3 1
10 8 1
9 5 1
8 2 1
10 7 1
6 4 1
6 0 1
10 8 1
7 3 1
10 2 1
9 2 1
