120 1
30 
8 7 5
7 8 5
10 7 5
7 8 5
6 3 5
7 1 5
7 5 5
10 0 5
10 6 5
9 7 5
8 4 5
9 5 5
6 6 5
10 0 5
9 0 5
9 2 5
9 8 5
9 8 5
8 0 5
7 7 5
8 0 5
7 7 5
7 0 4
9 2 4
6 6 4
7 0 4
6 8 4
9 6 4
9 0 4
9 3 4
6 1 4
8 6 4
8 5 4
10 1 4
10 2 4
10 0 4
6 1 4
8 3 4
8 3 4
6 4 4
9 6 3
10 3 3
7 3 3
10 5 3
9 7 3
6 2 3
9 6 3
7 6 3
10 6 3
6 6 3
6 8 3
8 7 3
9 3 3
6 2 3
6 0 3
6 7 3
6 8 3
8 3 3
9 0 3
7 4 3
9 4 3
6 1 3
7 0 3
9 5 3
8 1 2
9 8 2
6 5 2
8 6 2
7 2 2
8 7 2
10 4 2
10 5 2
8 6 2
9 6 2
6 0 2
9 7 2
6 3 2
7 1 2
8 0 2
7 2 2
10 2 2
8 1 2
6 6 2
6 6 2
8 1 2
7 4 2
10 3 2
8 2 2
8 5 2
7 2 2
6 4 2
7 4 2
7 2 2
9 8 2
9 3 2
9 3 2
10 2 1
8 2 1
9 7 1
10 8 1
8 6 1
8 7 1
9 0 1
9 1 1
6 5 1
10 1 1
9 4 1
6 5 1
9 8 1
6 0 1
8 3 1
8 6 1
7 3 1
10 6 1
10 0 1
6 6 1
9 3 1
7 1 1
7 5 1
10 4 1
