80 1
30 
9 3 5
10 4 5
6 2 5
6 8 5
7 4 5
9 8 5
7 0 5
8 7 5
8 0 5
7 1 5
9 2 5
9 0 5
6 8 5
8 3 5
6 2 5
9 2 5
6 6 5
9 3 5
10 8 5
7 4 4
10 6 4
7 0 4
9 0 4
6 3 4
8 2 4
8 4 4
9 7 4
6 2 4
8 6 4
6 8 4
9 8 4
8 4 4
9 8 4
10 3 4
8 6 4
8 1 4
8 7 4
8 0 3
8 4 3
8 4 3
6 8 3
9 0 3
6 4 3
6 3 3
9 0 3
6 2 3
8 8 3
9 8 3
10 1 3
10 7 3
8 4 2
7 5 2
7 0 2
10 5 2
9 2 2
6 8 2
7 2 2
9 7 2
10 2 2
6 2 2
9 5 2
7 0 2
6 2 2
10 1 2
6 5 2
8 2 2
10 8 2
9 3 1
10 6 1
7 0 1
7 2 1
8 8 1
7 2 1
7 0 1
6 7 1
8 0 1
6 7 1
10 6 1
10 6 1
9 3 1
