130 1
30 
8 7 5
6 0 5
7 7 5
9 2 5
10 6 5
6 8 5
8 0 5
8 3 5
9 1 5
10 8 5
9 3 5
10 5 5
8 3 5
8 7 5
7 0 5
6 6 5
8 5 5
10 4 5
10 7 5
6 8 5
10 6 5
9 4 5
9 7 4
6 4 4
6 5 4
8 3 4
7 3 4
6 6 4
8 8 4
8 8 4
9 6 4
9 1 4
7 5 4
10 1 4
10 4 4
8 4 4
8 0 4
6 8 4
6 2 4
9 3 4
6 6 4
9 0 4
10 5 4
8 7 4
7 0 4
8 6 3
9 1 3
8 8 3
9 6 3
7 8 3
8 7 3
6 0 3
6 5 3
7 5 3
10 3 3
10 3 3
8 7 3
10 4 3
9 4 3
7 5 3
8 8 3
7 7 3
9 0 3
8 2 3
10 8 3
8 0 3
7 0 3
6 6 3
9 0 3
9 6 3
10 6 3
8 3 3
6 1 3
8 3 3
7 2 3
10 3 3
10 3 2
10 7 2
6 5 2
9 8 2
6 4 2
10 4 2
6 4 2
6 5 2
6 0 2
7 4 2
8 1 2
8 1 2
7 2 2
9 4 2
6 4 2
6 0 2
9 3 2
10 2 2
9 0 2
10 1 2
9 5 2
6 3 2
6 7 2
6 0 2
9 1 1
9 7 1
7 8 1
9 4 1
7 6 1
7 1 1
10 7 1
7 8 1
6 7 1
7 4 1
6 7 1
8 2 1
9 5 1
6 6 1
10 7 1
7 0 1
7 2 1
6 0 1
9 1 1
8 0 1
8 6 1
6 4 1
8 5 1
7 4 1
9 6 1
9 8 1
7 7 1
9 4 1
7 2 1
8 1 1
