80 1
30 
9 0 5
8 4 5
8 8 5
6 8 5
9 1 5
7 3 5
9 5 5
9 1 5
6 8 5
8 6 5
8 8 5
6 1 5
9 2 5
6 0 5
7 3 4
8 0 4
8 5 4
10 0 4
9 4 4
8 1 4
9 2 4
10 3 4
6 1 4
7 8 4
7 4 4
10 7 4
6 1 4
7 3 4
10 8 4
6 2 4
10 0 4
6 4 4
6 7 4
10 8 4
8 2 4
10 8 4
10 1 3
7 2 3
10 4 3
6 6 3
8 7 3
8 6 3
8 4 3
7 2 3
7 5 3
6 2 3
10 6 3
10 4 3
9 5 3
6 8 3
8 5 3
8 5 3
10 2 3
8 2 3
8 8 2
6 6 2
9 2 2
7 3 2
8 3 2
6 0 2
6 1 2
7 6 1
6 8 1
8 6 1
7 4 1
7 2 1
8 0 1
6 6 1
10 3 1
7 5 1
10 0 1
6 1 1
6 0 1
10 1 1
9 6 1
8 6 1
6 3 1
10 5 1
10 6 1
10 6 1
