130 1
30 
7 8 5
6 4 5
6 2 5
6 4 5
10 4 5
7 0 5
9 2 5
7 0 5
9 2 5
10 1 5
8 2 5
10 4 5
10 7 5
8 0 5
8 3 5
10 4 5
6 6 4
10 5 4
9 7 4
8 6 4
10 8 4
6 0 4
7 4 4
8 6 4
7 2 4
9 3 4
9 0 4
8 5 4
8 8 4
8 2 4
6 6 4
7 0 3
8 5 3
7 2 3
8 8 3
7 6 3
9 6 3
10 5 3
7 2 3
8 0 3
9 0 3
8 6 3
7 1 3
6 1 3
8 3 3
10 8 3
7 0 3
7 5 3
7 8 3
8 6 3
7 6 3
7 8 3
9 4 3
10 4 3
6 7 3
9 8 3
10 6 3
9 8 3
6 8 3
6 8 3
10 6 3
7 5 2
6 5 2
6 1 2
7 3 2
10 1 2
10 5 2
8 2 2
9 0 2
10 6 2
7 8 2
8 7 2
10 1 2
8 8 2
7 7 2
6 8 2
6 1 2
6 0 2
10 1 2
7 6 2
6 5 2
8 3 2
10 4 2
8 2 2
10 8 2
10 4 2
7 7 2
10 8 2
10 4 2
8 2 2
7 7 2
8 1 2
9 8 2
8 1 2
6 4 1
8 1 1
7 1 1
6 1 1
10 4 1
9 1 1
9 7 1
6 7 1
9 1 1
7 8 1
6 5 1
10 0 1
6 5 1
7 5 1
8 6 1
8 6 1
9 8 1
10 5 1
10 0 1
9 3 1
10 0 1
9 4 1
10 1 1
7 2 1
9 5 1
6 2 1
10 2 1
6 6 1
10 3 1
8 6 1
9 2 1
10 0 1
10 7 1
9 0 1
8 4 1
6 6 1
