100 1
30 
10 6 5
6 1 5
10 4 5
7 1 5
7 1 5
9 5 5
9 6 5
10 4 5
10 1 5
6 8 5
7 3 5
6 0 5
6 0 5
10 0 4
10 2 4
9 4 4
8 1 4
8 4 4
8 5 4
10 2 4
8 2 4
10 7 4
7 7 4
8 4 4
7 4 4
9 2 4
7 5 4
10 7 4
9 8 4
10 6 4
9 0 4
10 3 4
10 3 4
10 1 4
6 2 4
8 4 4
6 6 3
10 8 3
7 6 3
6 2 3
6 7 3
8 4 3
10 5 3
6 0 3
7 3 3
9 3 3
8 2 3
9 8 3
10 0 3
8 2 3
6 0 3
8 4 3
8 5 3
6 7 3
9 3 3
9 0 3
7 6 3
10 2 3
10 2 3
8 4 3
6 1 2
6 6 2
7 0 2
7 6 2
6 4 2
6 7 2
6 2 2
8 6 2
9 7 2
9 7 2
7 8 2
9 7 2
7 7 2
7 3 2
9 2 2
10 5 2
10 7 2
7 3 2
9 3 2
6 6 2
9 5 2
7 3 2
9 2 2
10 7 2
9 0 1
8 1 1
9 0 1
7 6 1
10 5 1
6 6 1
6 2 1
8 4 1
8 8 1
6 7 1
8 0 1
6 0 1
6 1 1
9 0 1
9 5 1
7 3 1
