100 1
30 
8 5 5
7 2 5
7 4 5
10 2 5
10 7 5
8 2 5
10 4 5
6 8 5
10 6 5
8 5 5
6 6 5
10 2 5
6 0 5
8 3 5
8 6 5
10 5 5
8 5 5
7 0 5
6 5 5
6 2 5
6 5 5
7 7 4
9 0 4
10 5 4
6 3 4
7 2 4
7 1 4
6 5 4
10 4 4
10 4 4
9 1 4
8 0 4
6 0 4
9 5 4
8 4 4
7 8 4
6 2 4
8 4 4
9 4 4
10 2 4
9 1 3
6 0 3
9 7 3
9 3 3
8 4 3
8 3 3
10 7 3
9 2 3
6 6 3
8 3 3
7 6 3
9 5 3
8 4 3
7 4 3
7 5 3
10 0 3
7 3 3
8 8 3
6 1 3
8 5 3
10 3 3
8 8 3
9 6 2
9 2 2
6 4 2
9 1 2
9 2 2
8 3 2
8 4 2
6 1 2
7 2 2
8 6 2
9 4 2
9 8 2
9 1 2
7 3 2
10 3 2
9 0 1
10 1 1
7 2 1
9 5 1
9 1 1
8 0 1
8 8 1
8 4 1
8 4 1
8 8 1
6 8 1
6 1 1
8 2 1
9 4 1
8 8 1
9 0 1
9 1 1
6 5 1
10 4 1
6 6 1
8 3 1
9 3 1
8 4 1
