110 1
30 
8 5 5
10 1 5
7 2 5
10 0 5
10 7 5
9 4 5
10 8 5
6 6 5
6 3 5
6 1 5
6 0 5
9 6 5
10 8 5
7 5 5
6 1 5
10 0 5
10 5 5
7 5 5
8 0 4
8 5 4
10 2 4
6 8 4
10 1 4
9 1 4
6 1 4
6 5 4
9 8 4
8 6 4
6 5 4
9 5 4
7 8 4
8 8 4
9 4 4
6 8 3
7 5 3
6 8 3
9 6 3
7 4 3
8 3 3
7 7 3
10 4 3
7 7 3
10 1 3
8 8 3
8 5 3
10 3 3
9 5 3
9 7 3
7 2 3
7 5 3
8 4 3
10 2 3
6 7 3
8 8 3
6 3 3
9 6 3
8 5 3
7 1 3
8 2 3
7 4 3
7 6 3
7 0 3
9 2 3
10 6 3
9 5 3
9 5 3
6 2 3
10 4 3
6 3 2
10 1 2
7 4 2
7 5 2
9 3 2
7 4 2
9 4 2
7 2 2
8 2 2
10 2 2
7 3 2
8 1 2
7 3 2
6 7 2
10 1 2
8 5 2
9 4 2
10 0 2
9 0 2
9 4 2
8 2 1
6 1 1
9 0 1
8 1 1
10 1 1
6 3 1
8 0 1
9 4 1
6 3 1
8 7 1
10 2 1
8 7 1
10 6 1
8 4 1
9 8 1
7 2 1
9 0 1
10 8 1
7 5 1
6 1 1
9 5 1
10 7 1
