80 1
30 
7 4 5
7 7 5
9 6 5
9 3 5
9 1 5
6 4 5
7 6 5
8 4 5
8 5 5
6 1 5
10 6 5
8 6 5
6 7 5
6 7 5
10 8 5
6 8 5
10 8 5
7 3 5
9 3 5
9 0 5
6 4 5
8 3 5
7 6 5
6 7 5
7 5 5
10 2 4
10 3 4
7 2 4
6 2 4
8 7 4
6 7 4
8 1 4
8 5 4
7 7 4
8 6 4
9 3 3
9 6 3
10 8 3
7 6 3
9 5 3
9 7 3
7 2 3
10 3 3
7 1 3
10 0 3
10 2 3
8 6 3
7 5 3
10 5 3
9 6 3
6 5 3
10 8 3
9 0 2
10 0 2
9 7 2
8 4 2
6 0 2
6 6 2
8 1 2
9 5 2
9 4 2
10 7 2
6 7 2
8 6 2
8 8 2
9 2 2
10 7 1
8 1 1
7 7 1
10 4 1
6 3 1
6 7 1
7 6 1
6 7 1
9 2 1
10 7 1
8 2 1
9 8 1
7 5 1
7 8 1
