100 1
30 
6 7 5
8 7 5
10 2 5
7 7 5
9 8 5
10 4 5
7 4 5
8 4 5
8 2 5
8 5 5
10 0 5
6 2 5
6 1 5
10 6 5
8 8 5
7 4 4
7 6 4
7 3 4
8 3 4
7 2 4
10 3 4
7 4 4
7 3 4
7 5 4
8 2 4
9 5 4
7 7 4
8 1 4
6 5 4
9 1 4
8 3 4
8 2 4
10 8 4
9 3 4
10 6 4
9 1 4
8 1 4
7 5 4
8 3 4
6 1 3
10 3 3
6 2 3
8 5 3
9 3 3
8 1 3
8 3 3
8 6 3
8 4 3
8 8 3
7 6 3
8 0 3
10 0 3
6 4 3
7 3 3
9 4 3
7 5 3
8 0 3
8 5 3
8 2 3
7 2 3
6 8 2
7 7 2
8 7 2
7 0 2
7 1 2
10 8 2
10 7 2
7 0 2
6 1 2
6 2 2
8 3 2
9 4 2
7 1 2
10 5 2
10 7 2
6 8 2
7 7 2
9 3 2
7 3 2
8 1 2
10 3 2
8 8 2
9 4 2
8 0 2
10 6 1
8 0 1
7 0 1
10 0 1
8 8 1
7 5 1
10 6 1
7 5 1
7 6 1
9 4 1
7 4 1
10 5 1
7 7 1
10 2 1
9 0 1
8 3 1
