130 1
30 
9 6 5
9 3 5
7 8 5
9 6 5
9 2 5
9 4 5
10 6 5
6 5 5
7 0 5
10 6 5
8 8 5
7 5 5
9 6 5
10 1 5
9 2 5
6 0 5
8 1 5
6 0 5
10 0 5
8 5 5
6 4 5
9 5 5
10 1 5
8 3 5
7 2 5
7 6 5
9 2 4
7 6 4
9 6 4
6 3 4
7 5 4
8 8 4
9 2 4
10 5 4
8 8 4
8 1 4
10 5 4
6 7 4
7 7 4
9 5 4
10 0 4
9 6 4
8 3 4
9 5 4
10 0 4
9 3 4
8 3 4
9 7 4
8 1 4
7 5 4
8 8 4
9 3 4
7 8 4
9 0 4
7 2 4
9 8 4
8 2 4
6 5 4
7 0 3
7 8 3
7 6 3
9 5 3
8 4 3
6 7 3
6 8 3
7 7 3
8 2 3
9 0 3
10 4 3
8 3 3
10 3 3
7 1 3
7 3 3
7 1 3
10 4 3
6 1 3
7 0 3
8 4 3
10 2 3
9 5 3
9 8 3
10 7 3
10 4 2
7 4 2
7 4 2
10 6 2
10 7 2
6 7 2
8 4 2
8 6 2
8 8 2
8 6 2
6 8 2
9 4 2
10 1 2
10 5 2
9 1 2
8 3 2
9 4 2
9 1 2
8 6 2
10 2 2
9 5 2
9 0 2
6 3 1
7 5 1
10 6 1
8 7 1
6 3 1
7 1 1
7 5 1
8 8 1
8 6 1
6 7 1
10 1 1
7 8 1
7 0 1
7 6 1
6 6 1
9 4 1
9 1 1
8 1 1
8 2 1
10 6 1
10 6 1
8 2 1
10 4 1
7 3 1
8 0 1
8 0 1
