100 1
30 
6 4 5
9 3 5
6 2 5
6 6 5
8 2 5
8 0 5
8 3 5
9 1 5
10 5 5
10 3 5
9 6 5
7 5 5
6 2 5
8 6 5
10 5 5
10 8 5
10 2 4
6 2 4
10 2 4
10 8 4
8 8 4
10 6 4
6 4 4
10 2 4
10 7 4
7 4 4
6 5 4
10 4 4
10 2 4
8 0 4
7 3 4
6 5 4
7 8 4
6 3 4
10 7 4
6 7 4
6 6 4
9 0 4
9 1 4
9 8 4
8 7 4
6 0 4
10 0 4
7 4 4
7 4 4
9 1 4
6 7 3
6 3 3
9 4 3
7 7 3
8 6 3
7 8 3
6 2 3
8 5 3
7 0 3
10 0 3
7 8 3
10 5 3
6 4 3
9 4 3
9 8 3
6 7 3
10 1 3
6 4 3
7 6 3
7 3 3
10 0 3
8 2 3
9 7 2
8 1 2
6 6 2
9 7 2
10 4 2
10 5 2
10 3 2
9 3 2
8 3 2
6 7 2
10 7 2
6 0 2
7 8 2
8 1 2
8 0 2
7 5 2
9 5 2
7 0 1
7 6 1
6 2 1
10 3 1
6 8 1
6 5 1
8 6 1
7 0 1
10 3 1
9 1 1
9 4 1
9 5 1
8 0 1
10 5 1
9 0 1
