90 1
30 
7 2 5
7 4 5
8 2 5
7 3 5
7 2 5
8 1 5
7 2 5
6 3 5
7 7 5
7 1 5
10 4 5
7 4 5
6 3 5
7 1 5
6 1 5
9 4 5
9 0 5
7 1 5
9 7 5
8 4 4
10 0 4
8 8 4
9 6 4
10 0 4
9 8 4
10 0 4
6 5 4
6 4 4
10 6 4
8 0 4
6 8 4
9 4 4
9 0 4
10 4 4
8 3 4
9 3 4
9 8 4
6 7 4
6 6 3
8 4 3
9 2 3
6 8 3
6 0 3
8 2 3
9 3 3
7 2 3
9 0 3
7 1 3
7 4 3
6 1 3
9 5 3
8 2 3
7 7 3
8 1 3
6 6 3
8 7 3
10 2 3
9 6 3
6 8 3
10 8 2
8 0 2
6 5 2
10 6 2
10 3 2
10 5 2
8 5 2
7 5 2
8 2 2
6 7 2
10 0 1
9 1 1
8 0 1
7 0 1
6 2 1
10 6 1
9 5 1
10 1 1
8 1 1
9 8 1
9 1 1
10 8 1
8 8 1
8 0 1
9 5 1
10 4 1
6 0 1
9 6 1
10 3 1
6 4 1
10 1 1
