80 1
30 
10 0 5
10 3 5
9 4 5
8 0 5
7 6 5
9 6 5
6 6 5
10 7 5
10 6 5
10 3 5
9 8 5
10 3 5
6 0 5
6 7 5
8 4 5
8 5 5
8 4 5
6 7 5
6 2 5
6 0 4
9 8 4
10 4 4
8 8 4
10 2 4
9 8 4
10 7 4
7 8 4
9 1 4
10 1 4
8 5 4
9 4 4
10 0 4
7 2 3
7 3 3
6 2 3
9 5 3
7 8 3
6 0 3
6 7 3
6 3 3
9 7 3
6 1 3
7 7 3
8 8 3
6 8 3
9 5 3
8 4 3
9 6 3
10 2 3
8 4 2
6 7 2
6 1 2
6 3 2
7 1 2
10 3 2
10 5 2
9 2 2
7 0 2
6 2 2
6 0 2
10 0 2
7 6 2
6 5 2
8 3 2
10 4 2
10 7 2
10 8 2
9 4 1
8 3 1
9 1 1
8 8 1
8 0 1
9 2 1
6 2 1
7 4 1
6 2 1
10 7 1
7 1 1
10 8 1
6 0 1
