120 1
30 
7 2 5
9 8 5
8 8 5
7 7 5
7 4 5
6 5 5
8 4 5
8 4 5
9 5 5
7 1 5
6 7 5
6 2 5
9 2 5
10 6 5
8 6 5
6 3 5
10 8 5
6 5 5
8 5 5
8 8 5
7 7 5
6 5 5
8 1 5
7 6 5
9 5 5
6 0 5
7 1 5
8 0 5
6 3 4
8 1 4
8 4 4
9 5 4
9 7 4
7 3 4
6 5 4
8 0 4
6 3 4
9 3 4
10 0 4
10 5 4
6 2 4
9 4 4
9 7 4
9 1 4
8 2 4
9 5 4
7 8 4
8 6 3
7 2 3
9 6 3
10 1 3
10 1 3
7 2 3
10 1 3
7 5 3
9 8 3
10 6 3
9 3 3
10 5 3
10 7 3
6 2 3
7 6 3
6 4 3
6 7 3
7 6 3
6 6 3
8 3 3
10 4 3
8 0 3
8 7 3
9 6 3
6 0 3
6 8 3
6 1 2
9 4 2
10 7 2
6 0 2
7 0 2
8 4 2
10 2 2
10 1 2
7 7 2
6 4 2
7 3 2
7 3 2
6 5 2
8 8 2
9 0 2
7 2 2
10 4 2
6 7 2
9 1 2
8 8 2
7 5 2
6 3 2
10 3 2
6 8 2
8 4 2
6 6 2
10 3 1
8 3 1
6 1 1
7 7 1
10 0 1
8 0 1
8 1 1
9 2 1
10 2 1
6 8 1
8 8 1
6 3 1
8 3 1
6 5 1
9 7 1
9 2 1
6 6 1
6 2 1
7 5 1
6 5 1
8 4 1
