80 1
30 
7 3 5
10 8 5
8 5 5
10 7 5
8 6 5
10 1 5
9 2 5
8 7 5
8 3 5
8 7 5
6 3 5
8 1 5
8 4 5
8 3 5
9 3 5
7 8 5
8 6 5
9 3 5
7 1 5
9 1 5
9 8 5
8 8 4
10 4 4
7 4 4
6 7 4
6 4 4
9 3 4
8 0 4
9 8 4
6 2 4
9 1 4
6 4 3
6 0 3
9 8 3
9 5 3
10 1 3
9 2 3
6 3 3
10 0 3
9 0 3
6 7 3
6 2 3
6 2 3
7 2 3
10 8 3
6 5 3
6 8 3
7 3 3
7 6 3
9 0 3
10 6 2
7 2 2
9 3 2
6 8 2
9 1 2
10 4 2
7 0 2
10 7 2
10 8 2
7 2 2
7 1 2
7 0 2
6 3 2
7 2 2
6 3 2
8 2 2
10 0 1
6 6 1
8 0 1
6 2 1
9 1 1
8 3 1
6 8 1
6 4 1
6 2 1
7 3 1
7 0 1
8 8 1
6 6 1
10 1 1
