130 1
30 
9 4 5
7 0 5
6 6 5
7 6 5
7 7 5
9 4 5
9 4 5
10 5 5
7 8 5
9 3 5
8 0 5
8 5 5
6 8 5
8 5 5
9 6 5
7 1 5
8 7 5
7 0 5
7 2 5
9 3 5
10 3 5
9 1 5
6 0 5
10 3 5
8 3 5
8 8 5
6 8 4
7 3 4
9 8 4
10 7 4
8 0 4
9 4 4
10 4 4
6 1 4
8 0 4
10 6 4
7 5 4
6 1 4
8 4 4
9 3 4
9 8 4
7 4 4
7 5 4
9 2 4
8 1 4
6 6 4
10 5 4
9 8 4
10 7 3
8 5 3
10 6 3
7 7 3
6 1 3
8 4 3
8 3 3
9 6 3
7 8 3
8 5 3
6 8 3
8 7 3
9 3 3
7 1 3
10 5 3
7 8 3
10 1 3
10 5 3
9 2 3
7 2 3
6 2 3
10 1 3
8 7 3
8 4 3
7 8 3
10 2 3
10 5 3
9 1 3
6 7 3
10 2 2
8 3 2
10 2 2
8 2 2
9 3 2
7 2 2
9 6 2
7 5 2
6 5 2
8 7 2
7 1 2
7 0 2
10 2 2
6 6 2
9 0 2
10 5 2
7 2 2
7 4 2
7 2 2
7 1 2
9 8 2
6 0 2
6 3 2
10 6 2
10 8 2
8 2 2
6 6 1
8 4 1
8 5 1
7 5 1
9 4 1
9 5 1
8 2 1
6 1 1
6 8 1
7 1 1
6 6 1
10 5 1
8 2 1
7 3 1
10 6 1
8 3 1
6 7 1
9 7 1
10 1 1
6 7 1
8 6 1
7 1 1
10 4 1
9 4 1
6 7 1
6 1 1
9 0 1
