110 1
30 
8 5 5
6 5 5
8 4 5
7 2 5
8 7 5
9 2 5
6 5 5
9 1 5
10 3 5
9 0 5
9 2 5
7 2 5
6 1 5
7 3 5
6 3 5
8 8 5
7 7 5
7 0 5
8 2 5
7 4 5
7 4 4
10 6 4
6 8 4
10 7 4
10 5 4
8 6 4
9 8 4
9 4 4
8 2 4
6 4 4
9 5 4
10 5 4
6 3 4
7 2 4
8 7 4
7 1 4
9 6 4
10 0 4
6 6 4
8 2 4
8 1 4
9 7 4
8 1 4
7 6 4
8 4 3
6 0 3
8 8 3
9 8 3
6 7 3
7 5 3
7 7 3
9 5 3
10 4 3
7 8 3
7 6 3
6 1 3
6 0 3
8 4 3
10 7 3
10 4 3
10 6 3
9 1 3
9 3 3
10 1 3
8 5 3
6 0 3
10 4 3
10 4 2
8 6 2
7 8 2
10 5 2
7 0 2
7 1 2
10 4 2
9 3 2
6 4 2
6 1 2
9 4 2
7 6 2
6 6 2
10 1 2
9 0 2
8 5 2
10 3 2
8 3 2
10 6 2
10 4 2
6 6 2
7 7 1
6 5 1
6 5 1
10 5 1
6 5 1
7 1 1
6 3 1
8 4 1
7 0 1
10 5 1
7 3 1
10 4 1
6 7 1
8 8 1
6 2 1
9 6 1
7 3 1
6 3 1
9 4 1
9 2 1
8 7 1
7 2 1
