130 1
30 
7 0 5
10 7 5
6 0 5
7 0 5
10 7 5
7 1 5
6 4 5
6 0 5
10 3 5
9 2 5
9 7 5
10 1 5
6 5 5
8 6 5
9 2 5
10 2 5
7 3 5
6 3 5
9 8 5
10 0 5
6 7 5
9 3 5
8 2 5
6 4 5
7 3 5
8 7 5
10 1 5
8 3 4
9 5 4
10 7 4
7 1 4
7 0 4
8 7 4
7 3 4
7 3 4
10 7 4
7 5 4
7 0 4
7 4 4
8 1 4
7 8 4
9 0 4
8 0 4
8 5 4
7 8 4
6 6 4
8 6 4
9 3 4
10 6 4
7 3 4
6 3 4
7 8 4
10 0 4
9 4 4
9 7 4
7 4 3
8 3 3
9 2 3
8 8 3
7 2 3
6 6 3
9 2 3
8 0 3
9 3 3
10 2 3
9 4 3
6 0 3
10 4 3
8 6 3
7 6 3
10 5 3
7 8 3
9 5 3
9 2 3
7 4 3
8 8 3
10 2 3
9 2 2
6 8 2
8 3 2
10 6 2
8 6 2
6 6 2
6 4 2
10 3 2
9 4 2
6 4 2
8 4 2
6 1 2
9 5 2
6 0 2
10 6 2
7 1 2
10 5 2
7 0 2
7 5 2
6 7 2
7 7 2
8 7 2
7 1 2
6 5 2
6 2 2
8 2 2
9 1 2
10 4 2
9 4 2
9 5 2
10 5 2
8 1 2
10 7 2
10 2 1
8 1 1
8 6 1
6 7 1
7 6 1
7 7 1
7 3 1
7 0 1
10 0 1
8 8 1
7 0 1
9 5 1
9 5 1
6 7 1
6 6 1
8 6 1
7 8 1
8 8 1
9 5 1
6 8 1
