80 1
30 
7 8 5
9 5 5
10 7 5
8 6 5
10 0 5
7 6 5
8 5 5
10 8 5
7 1 5
9 1 5
9 8 5
8 5 5
9 4 5
6 4 5
10 6 5
7 3 5
9 4 5
10 3 5
8 3 5
10 8 5
8 6 5
6 3 5
9 5 5
7 4 4
9 1 4
8 4 4
7 3 4
6 8 4
9 3 4
8 8 4
7 4 4
7 4 4
6 4 3
6 6 3
9 4 3
6 1 3
6 5 3
8 6 3
10 1 3
10 3 3
6 5 3
7 5 3
7 3 3
9 3 3
6 0 3
6 4 2
9 8 2
10 0 2
6 0 2
7 2 2
10 2 2
6 5 2
6 7 2
8 6 2
7 5 2
9 7 2
7 4 2
8 1 2
10 4 2
9 2 2
10 4 2
8 4 1
8 5 1
6 5 1
8 7 1
7 3 1
6 8 1
10 4 1
8 1 1
6 1 1
10 1 1
8 5 1
9 6 1
9 3 1
9 6 1
9 7 1
9 0 1
6 8 1
6 8 1
6 8 1
