110 1
30 
10 3 5
9 5 5
8 2 5
9 6 5
7 0 5
6 7 5
8 4 5
7 4 5
10 4 5
8 0 5
6 3 5
7 1 5
8 3 5
7 1 5
8 7 5
9 7 5
7 4 5
8 2 5
10 0 5
10 8 5
9 8 5
6 7 5
10 7 4
8 1 4
7 8 4
6 1 4
6 8 4
9 3 4
6 5 4
7 8 4
10 8 4
9 1 4
10 0 4
10 8 4
10 2 4
7 4 4
6 2 4
6 4 4
6 4 4
10 6 4
6 1 4
10 4 4
7 5 4
8 3 4
8 2 4
6 4 4
8 3 3
9 1 3
8 4 3
8 2 3
9 1 3
7 8 3
7 6 3
6 3 3
6 5 3
10 2 3
6 6 3
8 0 3
7 5 3
9 1 3
10 7 3
9 5 3
8 0 3
6 5 3
7 2 3
6 3 3
10 1 3
10 5 3
6 6 3
6 4 3
6 6 2
10 0 2
10 1 2
9 5 2
10 2 2
8 1 2
9 6 2
10 2 2
9 5 2
9 3 2
7 4 2
6 8 2
8 0 2
10 4 2
6 6 2
8 7 2
7 4 2
10 8 2
6 0 2
7 2 2
7 8 2
9 3 2
9 6 1
6 8 1
8 7 1
6 3 1
6 5 1
9 8 1
8 6 1
7 2 1
9 0 1
10 6 1
8 8 1
6 2 1
7 1 1
6 0 1
10 0 1
9 7 1
7 5 1
6 8 1
