80 1
30 
9 8 5
6 1 5
6 4 5
10 5 5
7 1 5
8 2 5
8 3 5
9 0 5
7 3 5
9 6 5
9 2 5
7 7 5
6 2 5
8 5 5
9 6 4
7 8 4
10 2 4
8 3 4
9 0 4
7 8 4
8 5 4
10 6 4
7 5 4
10 0 4
6 3 4
10 0 4
6 4 4
6 7 4
7 8 4
10 0 4
9 2 3
10 1 3
8 8 3
7 0 3
9 3 3
8 2 3
7 1 3
8 0 3
8 0 3
9 6 3
7 4 3
7 6 3
10 5 3
6 3 2
8 8 2
8 2 2
7 8 2
7 2 2
10 2 2
6 5 2
8 2 2
7 6 2
8 7 2
7 6 2
7 1 2
10 7 2
8 2 2
8 6 1
7 5 1
10 0 1
7 1 1
9 5 1
7 6 1
10 7 1
10 4 1
9 7 1
9 3 1
10 8 1
9 8 1
9 2 1
9 4 1
6 6 1
9 8 1
9 5 1
7 6 1
10 4 1
10 1 1
8 3 1
8 8 1
9 8 1
