100 1
30 
8 2 5
7 8 5
9 3 5
8 1 5
9 4 5
8 3 5
9 5 5
8 8 5
10 5 5
8 6 5
6 4 5
7 2 5
9 6 5
10 3 5
9 1 5
9 5 5
10 3 5
8 1 4
7 5 4
7 4 4
8 4 4
9 0 4
9 4 4
9 2 4
8 7 4
8 7 4
8 5 4
7 5 4
9 3 4
7 6 4
6 3 4
9 1 4
7 2 4
7 4 4
7 8 3
8 6 3
7 1 3
7 8 3
10 0 3
10 8 3
10 0 3
10 6 3
10 4 3
6 4 3
9 0 3
6 6 3
9 2 3
10 2 3
8 6 3
7 3 3
10 0 3
7 8 3
9 0 2
8 3 2
9 6 2
6 2 2
6 2 2
6 2 2
10 0 2
7 4 2
10 5 2
9 3 2
9 4 2
9 8 2
7 8 2
8 6 2
10 8 2
8 3 2
9 8 2
10 2 2
8 0 1
10 7 1
6 7 1
7 1 1
7 2 1
9 8 1
9 6 1
8 1 1
8 1 1
6 4 1
7 1 1
10 6 1
8 6 1
6 1 1
7 1 1
8 7 1
7 0 1
6 3 1
10 7 1
8 5 1
6 0 1
8 8 1
7 5 1
8 6 1
6 0 1
8 2 1
7 3 1
9 2 1
10 3 1
8 0 1
