110 1
30 
8 7 5
6 0 5
7 1 5
10 2 5
10 8 5
10 0 5
9 5 5
6 0 5
10 7 5
10 1 5
10 3 5
7 8 5
7 8 5
8 1 5
9 1 5
8 6 5
10 2 5
8 2 5
6 3 5
6 4 5
7 3 4
10 7 4
7 7 4
7 7 4
9 1 4
8 4 4
6 8 4
10 2 4
10 1 4
9 7 4
8 6 4
6 8 4
6 5 4
10 6 4
8 7 3
10 4 3
9 5 3
6 5 3
9 0 3
8 0 3
9 7 3
9 3 3
7 2 3
6 2 3
9 1 3
10 4 3
9 4 3
7 1 3
10 8 3
9 3 3
6 7 3
10 4 3
8 3 3
10 5 3
7 1 3
9 4 3
10 5 3
6 3 3
9 0 3
10 5 3
6 6 3
7 2 3
7 3 3
9 6 2
6 8 2
8 1 2
10 3 2
9 7 2
9 7 2
6 7 2
7 2 2
6 8 2
10 5 2
6 2 2
6 2 2
9 1 2
8 6 2
10 5 2
6 5 2
9 4 2
10 0 2
6 5 2
9 8 2
10 2 2
9 3 2
7 3 2
9 4 2
9 2 2
10 5 2
9 1 1
7 3 1
10 5 1
9 8 1
9 8 1
6 8 1
10 2 1
10 5 1
7 7 1
7 6 1
8 8 1
6 2 1
10 6 1
6 1 1
7 2 1
7 8 1
8 2 1
8 2 1
9 5 1
7 6 1
9 2 1
