110 1
30 
6 7 5
8 2 5
8 0 5
9 8 5
10 3 5
9 4 5
6 8 5
6 8 5
9 3 5
7 1 5
6 5 5
9 7 5
9 0 5
8 3 5
10 5 5
10 0 5
10 3 5
6 0 5
9 1 5
7 4 5
7 3 5
8 2 5
6 3 5
6 7 5
6 1 5
10 3 4
10 1 4
6 1 4
8 8 4
7 3 4
9 1 4
8 2 4
9 5 4
9 3 4
8 0 4
6 5 4
9 7 4
7 3 4
8 3 4
6 6 4
8 0 4
6 3 4
6 7 4
10 6 4
10 1 3
6 5 3
10 2 3
9 1 3
9 8 3
6 5 3
10 3 3
8 8 3
7 0 3
7 8 3
10 8 3
10 5 3
6 5 3
7 1 3
9 7 3
9 1 3
7 1 3
6 2 2
10 3 2
7 4 2
10 0 2
7 4 2
10 0 2
8 4 2
7 4 2
6 1 2
6 1 2
10 3 2
7 5 2
6 6 2
9 6 2
10 1 2
6 4 2
6 1 2
8 8 2
8 2 2
10 4 2
8 1 2
7 0 2
7 4 2
6 4 2
10 8 1
9 5 1
6 4 1
8 4 1
8 0 1
7 7 1
7 1 1
8 2 1
10 4 1
9 4 1
8 6 1
7 0 1
6 1 1
8 3 1
7 2 1
10 2 1
7 1 1
7 7 1
10 3 1
7 6 1
7 7 1
6 5 1
6 8 1
6 5 1
9 1 1
