130 1
30 
8 7 5
8 2 5
10 3 5
9 1 5
7 7 5
9 2 5
9 3 5
10 6 5
9 6 5
6 1 5
6 0 5
8 5 5
9 3 5
10 2 5
7 7 5
7 8 5
7 2 5
10 1 5
8 3 5
9 1 5
7 7 5
8 3 5
6 4 5
10 1 5
8 1 5
7 4 5
8 0 5
6 6 5
8 7 5
6 5 5
9 6 5
10 0 5
6 8 4
6 7 4
10 0 4
8 5 4
9 0 4
8 1 4
8 8 4
6 0 4
6 5 4
6 4 4
8 5 4
9 3 4
7 0 4
8 0 4
10 0 4
9 1 4
9 2 4
8 8 4
7 0 4
6 8 4
10 6 4
10 3 4
8 0 4
7 8 4
7 2 3
8 7 3
7 8 3
9 2 3
8 4 3
7 4 3
7 7 3
8 7 3
7 1 3
6 0 3
6 2 3
10 8 3
9 7 3
6 1 3
6 2 3
7 3 3
9 3 3
9 8 3
6 2 2
10 1 2
8 6 2
7 6 2
6 0 2
6 5 2
8 4 2
9 3 2
7 5 2
7 6 2
6 8 2
10 7 2
8 3 2
9 4 2
10 8 2
6 5 2
10 0 2
7 0 2
10 7 2
8 0 2
7 4 2
10 7 2
8 4 2
6 0 2
8 4 2
9 1 2
6 7 2
6 6 2
7 1 1
6 1 1
7 0 1
7 8 1
9 5 1
10 3 1
7 4 1
8 2 1
8 8 1
7 7 1
10 7 1
7 4 1
6 8 1
6 2 1
9 5 1
8 3 1
10 1 1
7 8 1
9 0 1
10 4 1
10 1 1
6 8 1
9 8 1
8 5 1
7 1 1
6 5 1
7 4 1
8 1 1
