90 1
30 
10 6 5
7 0 5
7 5 5
9 3 5
10 1 5
10 4 5
6 4 5
7 3 5
8 2 5
6 2 5
6 8 5
6 4 5
7 4 5
6 6 5
6 3 5
10 0 5
10 7 5
6 2 5
9 7 5
7 4 4
6 7 4
6 8 4
9 3 4
8 3 4
9 8 4
10 0 4
10 8 4
9 0 4
9 8 4
7 4 4
7 7 4
7 5 4
8 2 4
6 2 4
9 0 4
9 7 3
8 0 3
8 0 3
10 2 3
10 2 3
9 6 3
7 1 3
6 6 3
10 8 3
9 2 3
6 3 3
7 6 3
8 3 3
7 3 3
9 3 3
10 4 2
8 2 2
7 3 2
9 6 2
8 7 2
8 1 2
9 3 2
7 2 2
8 1 2
6 0 2
9 1 2
9 1 2
7 1 2
10 6 2
8 2 2
7 4 2
6 0 2
9 2 2
9 8 2
6 8 2
7 1 2
7 2 2
8 3 2
8 2 1
7 4 1
9 3 1
8 8 1
7 7 1
9 4 1
8 6 1
8 3 1
10 7 1
6 8 1
6 4 1
8 8 1
6 5 1
10 7 1
7 6 1
8 4 1
6 0 1
