90 1
30 
9 0 5
10 8 5
8 7 5
6 5 5
10 6 5
10 6 5
6 2 5
6 0 5
9 6 5
9 5 5
6 4 5
9 5 5
10 3 5
10 3 5
6 8 5
10 6 5
7 1 5
7 7 5
6 7 5
10 8 5
7 3 4
9 3 4
10 8 4
6 5 4
10 6 4
9 4 4
9 5 4
10 4 4
9 6 4
9 0 4
7 0 4
8 4 4
6 7 4
7 4 4
9 2 4
7 4 4
7 8 4
10 6 4
10 5 4
9 3 4
6 8 4
8 8 3
6 2 3
7 1 3
8 1 3
8 7 3
8 8 3
10 4 3
7 1 3
9 7 3
8 2 3
9 2 3
7 5 2
8 3 2
8 1 2
10 5 2
6 0 2
10 6 2
6 6 2
7 0 2
8 6 2
8 1 2
6 2 2
7 7 2
10 8 2
6 3 2
7 8 2
8 2 2
10 6 2
8 3 2
9 5 2
6 7 1
7 8 1
8 3 1
8 4 1
8 5 1
7 4 1
6 7 1
10 4 1
8 4 1
7 8 1
10 2 1
10 5 1
7 2 1
8 0 1
6 6 1
10 0 1
6 6 1
8 3 1
6 4 1
