80 1
30 
10 3 5
9 6 5
10 4 5
9 6 5
9 2 5
8 4 5
10 3 5
8 4 5
9 3 5
7 6 5
9 3 5
10 3 5
8 1 5
8 7 5
9 0 5
6 5 5
6 2 5
10 3 5
10 8 4
6 0 4
8 3 4
7 7 4
7 2 4
9 3 4
9 1 4
8 6 4
10 6 4
10 0 4
8 2 4
6 3 4
8 8 4
8 7 4
8 4 3
10 4 3
6 1 3
6 7 3
7 6 3
6 3 3
10 6 3
8 4 3
10 3 3
10 2 3
6 3 3
6 8 3
9 0 3
9 0 3
6 8 3
7 2 3
9 5 3
10 0 3
9 3 3
7 5 2
9 6 2
8 4 2
10 5 2
7 0 2
8 0 2
8 8 2
10 2 2
6 3 2
6 2 2
6 1 2
7 1 2
6 8 1
7 1 1
7 0 1
10 5 1
9 3 1
9 6 1
9 8 1
10 7 1
6 6 1
7 4 1
6 4 1
6 5 1
10 7 1
10 2 1
10 8 1
7 5 1
10 8 1
