90 1
30 
8 4 5
9 5 5
10 5 5
8 0 5
10 3 5
7 3 5
6 4 5
9 6 5
6 3 5
7 7 5
7 0 5
8 2 5
6 5 5
9 0 5
9 3 5
10 5 5
8 8 5
8 5 5
9 7 5
6 8 5
8 5 5
7 3 5
8 1 5
8 8 5
7 6 5
6 3 5
9 1 5
7 4 5
8 6 4
6 3 4
9 0 4
8 1 4
7 5 4
7 1 4
6 6 4
10 8 4
8 6 4
9 0 4
8 3 4
9 4 4
10 8 4
10 8 3
10 6 3
7 3 3
6 1 3
7 4 3
8 2 3
9 0 3
10 8 3
8 8 3
6 0 3
7 7 3
7 1 3
6 1 3
9 3 3
10 5 3
7 4 3
10 1 3
7 0 3
10 7 3
6 6 2
8 6 2
8 2 2
9 8 2
9 4 2
9 7 2
6 6 2
7 0 2
7 4 2
8 7 2
10 2 2
8 0 2
8 6 2
6 5 2
9 2 2
6 5 2
9 0 2
7 3 2
7 2 2
6 3 2
8 4 2
7 6 1
6 6 1
8 8 1
7 1 1
8 8 1
6 1 1
7 6 1
6 0 1
6 1 1
