100 1
30 
8 3 5
8 8 5
6 0 5
7 7 5
7 2 5
7 4 5
6 1 5
10 6 5
7 2 5
9 6 5
6 0 5
9 5 5
6 0 5
9 0 5
6 2 5
7 5 5
6 0 5
6 0 5
6 2 5
6 1 4
8 5 4
9 5 4
8 7 4
9 2 4
10 5 4
7 8 4
7 3 4
9 1 4
8 4 4
8 0 4
8 4 4
6 3 4
10 3 4
6 7 4
10 5 4
6 6 4
7 2 4
10 1 4
6 4 4
7 3 4
6 3 4
9 8 4
8 6 3
6 4 3
6 4 3
10 6 3
7 6 3
7 3 3
8 0 3
10 1 3
8 2 3
6 3 3
10 2 3
7 7 3
7 6 3
9 1 3
10 5 3
8 7 3
7 3 3
7 6 3
6 2 3
9 5 3
8 3 3
9 2 3
10 5 3
10 7 2
7 8 2
7 8 2
10 2 2
8 2 2
9 5 2
6 6 2
9 5 2
10 3 2
6 7 2
6 6 2
9 7 2
7 0 2
7 8 2
9 2 2
7 0 1
6 5 1
7 2 1
6 5 1
7 1 1
6 7 1
8 1 1
8 4 1
9 1 1
6 1 1
7 7 1
6 6 1
9 1 1
8 4 1
9 8 1
9 7 1
9 3 1
7 4 1
7 2 1
10 4 1
