100 1
30 
10 5 5
9 8 5
9 0 5
6 6 5
10 6 5
6 7 5
7 5 5
10 2 5
8 8 5
7 2 5
7 4 5
9 8 5
7 6 5
10 2 5
10 3 5
6 3 5
9 2 5
8 4 5
8 0 5
9 3 5
9 6 4
8 8 4
8 8 4
9 7 4
8 1 4
10 6 4
7 6 4
10 5 4
10 2 4
7 8 4
9 4 4
9 4 4
7 3 4
8 2 4
10 6 4
7 2 4
7 3 4
9 8 4
9 2 4
6 2 3
7 1 3
6 2 3
7 5 3
8 1 3
10 0 3
9 3 3
7 2 3
6 8 3
7 6 3
8 8 3
8 1 3
6 0 3
6 3 3
6 1 3
10 2 3
7 5 3
7 8 3
9 3 3
9 7 2
6 5 2
8 5 2
10 0 2
9 7 2
6 7 2
7 1 2
7 3 2
6 0 2
8 2 2
10 0 2
7 1 2
7 2 2
8 3 2
8 6 2
10 0 2
10 2 2
9 2 2
8 8 2
10 3 2
6 0 2
7 6 2
7 8 2
8 5 1
6 0 1
8 0 1
9 1 1
7 6 1
6 5 1
10 6 1
8 1 1
7 3 1
10 2 1
6 6 1
7 3 1
8 1 1
7 4 1
6 7 1
7 3 1
8 7 1
9 4 1
7 7 1
