100 1
30 
6 5 5
8 8 5
7 7 5
9 0 5
9 4 5
9 1 5
6 4 5
10 0 5
10 6 5
9 5 5
7 0 5
9 2 5
6 3 5
7 7 5
8 6 5
10 8 5
7 0 5
6 2 5
10 1 4
9 8 4
6 7 4
8 3 4
6 0 4
8 3 4
9 3 4
9 8 4
7 8 4
6 7 4
10 6 4
8 0 4
9 5 4
8 3 4
9 6 4
7 4 4
6 1 4
9 2 3
7 4 3
9 8 3
6 4 3
9 5 3
8 6 3
9 4 3
7 4 3
8 2 3
7 3 3
10 0 3
7 1 3
8 4 3
6 1 3
10 3 3
7 6 3
7 4 3
10 5 3
8 1 3
10 4 2
6 5 2
6 8 2
9 0 2
10 8 2
8 6 2
6 2 2
8 3 2
7 5 2
8 4 2
7 8 2
6 5 2
8 8 2
10 7 2
7 2 2
6 0 2
7 3 2
7 0 2
10 5 2
8 6 2
9 6 2
8 6 2
10 2 2
7 1 2
7 0 1
10 7 1
10 5 1
7 3 1
6 7 1
6 5 1
10 8 1
6 7 1
8 5 1
6 5 1
8 8 1
8 3 1
9 0 1
7 3 1
7 6 1
7 5 1
8 1 1
7 5 1
6 8 1
9 4 1
7 8 1
7 2 1
