80 1
30 
10 0 5
9 3 5
8 7 5
6 7 5
10 6 5
9 1 5
10 3 5
8 7 5
8 6 5
9 3 5
7 6 5
9 1 5
6 8 5
7 5 5
7 2 5
7 2 5
6 6 5
9 6 4
10 8 4
7 2 4
6 8 4
6 7 4
7 4 4
6 0 4
10 5 4
6 5 4
10 5 4
10 6 4
6 0 4
7 0 4
8 0 3
10 7 3
10 2 3
9 2 3
8 2 3
6 4 3
9 3 3
7 8 3
10 5 3
7 8 3
7 5 3
8 8 3
6 4 3
10 3 3
6 8 2
6 7 2
7 8 2
10 2 2
10 1 2
8 1 2
9 2 2
10 2 2
9 8 2
9 1 2
6 8 2
7 3 2
7 0 2
7 3 2
7 7 2
7 2 2
8 2 2
10 2 2
7 5 1
8 1 1
10 5 1
7 1 1
10 0 1
9 7 1
6 4 1
10 5 1
10 2 1
8 3 1
7 6 1
10 7 1
8 4 1
7 8 1
10 7 1
7 2 1
7 2 1
9 3 1
