120 1
30 
10 0 5
9 5 5
8 0 5
6 8 5
8 3 5
10 2 5
6 6 5
8 6 5
10 3 5
8 2 5
10 3 5
10 8 5
8 6 5
9 5 5
8 6 5
9 3 5
6 3 5
10 3 5
8 4 5
8 8 5
7 7 5
6 7 5
10 4 5
7 2 5
6 2 5
7 6 5
10 0 5
10 0 4
10 2 4
8 1 4
10 4 4
6 1 4
10 2 4
7 2 4
10 3 4
7 2 4
9 3 4
10 8 4
10 7 4
10 8 4
9 3 4
10 4 4
8 7 4
8 1 4
7 5 4
7 5 4
6 7 4
8 6 4
8 4 4
10 6 4
7 1 4
7 7 4
6 8 4
8 1 4
6 3 4
8 1 3
10 3 3
6 6 3
8 7 3
10 7 3
8 2 3
10 5 3
8 7 3
10 0 3
7 3 3
8 4 3
10 6 3
10 3 3
8 5 3
6 4 3
7 4 3
8 0 3
10 5 3
8 6 3
7 1 2
8 6 2
6 1 2
6 6 2
7 7 2
7 8 2
8 4 2
9 3 2
6 4 2
7 3 2
6 3 2
8 5 2
10 0 2
9 5 2
10 6 2
6 6 2
9 1 2
6 7 2
6 4 2
6 0 2
6 3 2
8 0 2
9 4 2
9 7 2
6 5 2
9 6 1
7 3 1
10 2 1
7 6 1
8 7 1
10 0 1
7 1 1
9 0 1
9 6 1
7 3 1
7 1 1
9 0 1
9 5 1
9 6 1
6 5 1
6 0 1
7 5 1
7 2 1
7 3 1
8 8 1
8 4 1
