80 1
30 
9 2 5
9 5 5
7 4 5
10 1 5
8 6 5
10 5 5
9 5 5
8 3 5
10 6 5
7 1 5
9 4 5
8 1 5
8 6 5
7 3 5
7 6 5
8 7 5
9 1 5
6 2 5
7 4 5
8 6 4
6 6 4
7 1 4
6 0 4
7 3 4
9 2 4
6 5 4
10 6 4
6 1 4
10 5 4
6 6 4
7 3 4
10 4 4
8 6 4
7 3 3
7 3 3
10 8 3
10 4 3
6 5 3
8 5 3
7 7 3
7 6 3
10 7 3
10 0 3
7 0 3
6 7 3
6 4 3
7 3 3
6 8 3
9 4 3
8 5 3
7 2 3
9 6 3
6 1 3
9 2 3
8 8 3
6 8 3
6 1 3
6 6 3
6 8 2
6 6 2
6 1 2
9 6 2
10 3 2
10 7 2
7 3 2
6 5 2
10 5 2
8 3 2
7 1 2
9 8 2
10 6 2
10 6 1
9 6 1
10 4 1
10 2 1
9 1 1
7 4 1
6 1 1
10 2 1
6 7 1
