130 1
30 
7 0 5
10 8 5
6 1 5
10 5 5
8 5 5
9 2 5
8 3 5
7 6 5
10 1 5
10 7 5
10 3 5
8 1 5
10 2 5
7 3 5
8 3 5
10 2 5
10 2 5
9 0 5
10 1 5
10 3 5
8 5 5
9 7 5
8 4 5
7 2 5
9 1 5
9 7 5
6 1 5
7 4 5
10 3 5
6 4 5
8 5 5
7 1 5
8 7 5
9 4 5
8 4 5
7 7 5
9 5 5
10 2 4
9 6 4
8 1 4
6 5 4
6 5 4
6 3 4
10 6 4
10 4 4
9 0 4
10 4 4
6 1 4
9 5 4
7 3 4
9 3 4
9 7 4
10 4 4
7 7 4
7 0 4
7 4 4
7 7 3
10 6 3
8 7 3
10 3 3
6 1 3
8 4 3
8 4 3
10 5 3
7 7 3
9 7 3
10 2 3
7 4 3
7 5 3
6 5 3
7 8 3
9 0 3
8 2 3
9 7 3
7 5 3
6 4 3
6 0 3
9 1 3
10 5 2
6 4 2
6 6 2
6 2 2
8 6 2
7 1 2
6 4 2
9 0 2
9 6 2
9 3 2
8 1 2
8 4 2
8 4 2
10 8 2
7 2 2
6 7 2
10 8 2
6 4 2
9 1 2
8 8 1
8 7 1
9 8 1
10 6 1
7 1 1
9 3 1
10 1 1
9 8 1
8 0 1
10 6 1
9 6 1
8 8 1
7 5 1
7 0 1
7 4 1
6 1 1
7 7 1
10 3 1
9 0 1
10 6 1
8 5 1
8 1 1
9 5 1
10 1 1
9 3 1
8 3 1
10 3 1
6 1 1
9 1 1
9 7 1
7 3 1
9 4 1
6 7 1
