110 1
30 
6 8 5
10 7 5
7 8 5
7 5 5
10 2 5
8 4 5
8 3 5
6 4 5
9 7 5
10 4 5
7 3 5
10 8 5
10 6 5
10 1 5
7 8 5
10 0 5
6 0 5
10 8 5
6 4 5
6 7 5
7 6 5
9 1 4
8 4 4
8 8 4
6 3 4
8 4 4
8 6 4
7 5 4
7 5 4
8 4 4
7 2 4
10 0 4
10 8 4
7 6 4
7 5 4
6 8 4
9 1 4
8 4 4
10 7 4
10 5 4
9 1 4
10 0 4
10 0 4
9 5 4
7 4 4
6 8 4
9 6 4
6 0 4
7 4 4
7 5 4
10 1 4
10 8 3
8 1 3
10 8 3
10 3 3
8 4 3
8 5 3
9 3 3
10 0 3
9 1 3
10 5 3
9 8 3
7 7 3
8 8 3
10 8 3
8 4 3
10 7 3
10 7 3
6 2 3
9 0 3
8 5 3
10 3 3
10 1 3
6 6 3
8 8 3
6 7 3
6 1 3
6 2 2
7 5 2
6 7 2
6 2 2
9 5 2
7 1 2
6 2 2
7 2 2
10 2 2
9 8 2
7 4 2
10 7 2
8 3 2
9 2 2
8 8 1
8 1 1
6 1 1
6 1 1
8 2 1
7 8 1
7 1 1
9 7 1
7 4 1
7 8 1
6 7 1
6 2 1
10 5 1
8 0 1
7 7 1
10 5 1
8 8 1
7 7 1
6 3 1
