90 1
30 
10 1 5
9 4 5
6 1 5
7 2 5
9 0 5
8 1 5
9 2 5
8 6 5
9 5 5
6 4 5
9 3 5
6 3 5
10 4 5
7 6 5
10 2 5
6 7 5
7 3 5
7 6 5
6 3 5
8 4 5
10 1 4
9 3 4
10 1 4
9 7 4
7 5 4
10 5 4
9 5 4
10 3 4
8 6 4
8 0 4
7 3 4
6 4 4
10 8 4
9 0 4
7 0 4
9 7 4
6 0 4
7 1 4
9 6 4
8 3 4
8 6 4
8 8 4
7 5 4
9 0 4
7 2 4
7 7 4
9 7 3
10 5 3
8 5 3
7 3 3
6 0 3
7 7 3
6 3 3
8 3 3
10 8 3
6 3 3
6 8 3
8 0 3
8 8 3
10 4 3
6 2 3
6 2 3
10 8 2
10 8 2
6 5 2
8 6 2
7 5 2
7 3 2
6 0 2
8 2 2
8 6 2
6 8 2
6 2 2
9 2 2
7 7 1
7 1 1
10 0 1
6 6 1
6 0 1
7 7 1
9 5 1
9 0 1
6 4 1
7 8 1
6 5 1
7 2 1
7 0 1
7 4 1
7 1 1
9 3 1
