120 1
30 
9 1 5
8 3 5
9 3 5
7 0 5
8 2 5
9 3 5
10 6 5
7 2 5
6 0 5
6 0 5
7 4 5
10 7 5
7 8 5
7 6 5
6 1 5
9 2 5
8 1 5
8 4 5
6 8 5
9 0 5
8 7 5
8 5 4
9 8 4
8 2 4
10 1 4
6 3 4
6 0 4
7 4 4
7 2 4
6 8 4
7 6 4
10 6 4
7 2 4
6 3 4
9 1 4
6 4 4
6 6 4
6 6 4
6 1 4
7 2 4
7 4 4
9 6 4
6 1 4
10 0 4
7 4 3
8 6 3
6 5 3
9 5 3
7 0 3
7 4 3
7 8 3
7 0 3
8 6 3
8 8 3
10 7 3
8 5 3
8 3 3
8 5 3
7 1 3
9 8 3
7 3 3
8 6 3
7 5 3
7 6 3
7 1 2
10 6 2
8 0 2
9 1 2
8 6 2
8 0 2
8 3 2
9 5 2
6 3 2
9 2 2
9 1 2
6 4 2
7 5 2
10 2 2
9 3 2
7 6 2
7 3 2
6 0 2
6 5 2
6 6 2
7 2 2
7 1 2
8 1 2
10 3 2
6 0 2
10 0 2
7 7 2
8 5 2
7 6 2
7 5 2
10 7 2
10 7 1
6 5 1
8 2 1
9 8 1
10 5 1
6 3 1
6 4 1
6 0 1
6 6 1
8 0 1
10 0 1
7 8 1
9 7 1
6 8 1
7 7 1
10 0 1
9 5 1
10 1 1
7 5 1
10 1 1
6 1 1
9 1 1
9 1 1
7 1 1
8 8 1
