80 1
30 
6 7 5
9 2 5
6 1 5
8 6 5
7 8 5
9 1 5
7 2 5
8 0 5
9 7 5
9 7 5
8 6 5
8 5 5
8 4 5
6 5 5
10 0 5
7 2 5
7 6 5
9 6 4
10 5 4
9 3 4
10 8 4
10 2 4
8 0 4
6 1 4
6 2 4
9 6 4
7 0 4
10 6 4
7 1 4
8 0 4
7 8 3
10 6 3
6 2 3
10 6 3
7 6 3
6 3 3
9 0 3
7 6 3
7 3 3
9 8 3
6 2 3
7 4 3
10 3 3
10 4 3
6 2 3
8 5 3
6 6 3
6 6 3
8 1 3
7 8 3
7 4 2
8 3 2
6 8 2
6 4 2
7 1 2
6 3 2
6 1 2
9 8 2
10 0 2
10 2 2
6 6 2
9 4 2
6 7 2
10 4 1
9 7 1
9 2 1
10 4 1
9 1 1
9 0 1
7 5 1
10 5 1
7 8 1
6 7 1
6 4 1
6 0 1
6 4 1
9 3 1
10 8 1
8 8 1
6 4 1
