90 1
30 
10 0 5
10 3 5
7 8 5
9 3 5
9 3 5
9 6 5
10 0 5
9 8 5
10 0 5
7 3 5
6 2 5
6 1 5
9 1 5
7 5 4
8 4 4
8 0 4
10 3 4
9 4 4
9 3 4
8 1 4
7 5 4
6 3 4
8 8 4
9 6 4
9 0 4
6 6 4
7 5 4
9 0 4
9 4 4
7 1 4
7 7 4
6 2 4
8 7 4
7 6 4
7 3 4
6 5 4
9 8 4
6 4 3
7 8 3
9 7 3
9 8 3
6 6 3
9 6 3
7 5 3
9 8 3
9 3 3
8 3 3
8 8 3
7 8 3
9 3 3
9 1 3
7 6 3
8 5 3
8 8 3
8 1 3
9 7 3
6 1 3
9 1 3
10 7 3
8 7 3
8 5 3
10 6 3
9 0 2
10 3 2
8 6 2
6 6 2
7 6 2
9 1 2
6 0 2
7 8 2
9 2 2
8 7 2
8 5 2
10 8 2
10 1 2
8 7 2
8 0 2
10 3 2
10 6 2
9 4 1
8 7 1
9 3 1
7 7 1
6 3 1
10 6 1
10 5 1
8 8 1
7 2 1
7 3 1
9 4 1
