80 1
30 
8 7 5
8 6 5
8 6 5
9 1 5
9 5 5
10 8 5
8 5 5
8 2 5
6 0 5
8 5 5
7 5 5
8 4 5
9 5 5
9 6 5
7 8 5
7 5 4
7 0 4
8 4 4
6 7 4
10 0 4
8 0 4
6 2 4
8 3 4
6 6 4
7 7 4
8 2 4
6 1 4
7 5 4
8 3 4
8 0 4
8 1 4
7 0 4
10 8 4
7 2 4
10 1 4
6 8 3
6 4 3
7 3 3
9 3 3
7 4 3
6 6 3
7 7 3
10 0 3
6 0 3
8 0 3
6 0 3
6 1 3
10 6 3
6 5 3
7 7 3
8 5 2
10 6 2
10 1 2
9 1 2
9 6 2
8 6 2
10 3 2
9 7 2
8 1 2
6 7 2
8 8 2
6 1 2
9 6 2
9 2 2
7 1 2
7 8 2
6 6 2
8 6 2
8 3 2
6 6 2
6 8 2
8 2 2
8 7 2
10 2 1
6 1 1
7 2 1
7 6 1
7 2 1
10 4 1
10 0 1
