100 1
30 
6 7 5
7 0 5
9 2 5
6 8 5
6 8 5
8 0 5
9 3 5
6 8 5
9 1 5
8 5 5
9 8 5
6 4 5
10 2 5
10 8 5
6 5 5
10 6 5
7 3 5
10 6 5
7 6 5
6 0 5
8 8 5
8 8 5
10 0 5
9 2 5
8 1 5
6 6 4
10 3 4
6 2 4
7 7 4
8 7 4
8 7 4
6 5 4
7 1 4
6 0 4
9 7 4
8 4 4
6 6 4
7 2 4
6 3 4
6 5 4
6 5 4
6 5 4
9 8 4
6 1 4
6 6 4
9 2 4
7 1 4
9 6 4
10 1 3
6 6 3
6 8 3
8 8 3
7 3 3
10 1 3
9 6 3
6 6 3
10 4 3
8 5 3
10 2 3
6 1 3
8 0 3
7 0 3
8 6 2
10 1 2
7 7 2
9 1 2
8 8 2
9 1 2
6 6 2
7 1 2
10 7 2
6 7 2
8 3 2
8 6 2
6 8 2
7 4 2
6 7 2
6 7 2
10 8 2
8 1 1
8 7 1
7 5 1
8 6 1
9 1 1
10 0 1
6 4 1
6 7 1
8 7 1
6 4 1
9 6 1
7 7 1
9 4 1
6 8 1
8 2 1
10 5 1
8 0 1
9 1 1
9 2 1
6 5 1
10 0 1
