80 1
30 
10 0 5
9 4 5
9 6 5
8 4 5
8 6 5
8 6 5
8 5 5
7 4 5
10 1 5
7 0 5
9 3 5
6 1 5
6 4 5
9 3 5
6 2 5
10 6 5
8 5 5
8 2 5
7 7 5
10 7 5
6 1 5
9 6 4
6 8 4
7 6 4
6 3 4
6 2 4
10 7 4
9 5 4
10 6 4
9 8 4
6 3 4
6 5 4
7 7 4
6 3 4
9 3 4
7 5 4
8 2 4
8 0 4
9 5 3
7 4 3
9 8 3
9 2 3
8 1 3
9 4 3
10 2 3
6 6 3
9 3 3
8 0 3
6 6 3
6 3 3
7 0 3
6 5 3
6 3 3
7 1 2
9 1 2
9 3 2
7 4 2
10 1 2
10 3 2
10 6 2
8 3 2
8 4 2
10 7 2
7 7 2
6 6 2
6 2 2
6 2 2
6 7 1
6 2 1
7 3 1
6 2 1
6 5 1
8 0 1
8 2 1
9 1 1
9 8 1
6 3 1
6 0 1
10 0 1
7 4 1
