80 1
30 
7 0 5
10 2 5
8 3 5
7 4 5
10 2 5
7 4 5
8 4 5
10 2 5
10 2 5
7 7 5
7 5 5
6 4 5
9 0 4
6 8 4
9 3 4
7 4 4
6 4 4
6 6 4
8 1 4
10 0 4
10 2 4
8 2 4
8 6 4
10 2 4
6 6 4
6 8 4
7 5 4
6 1 4
7 7 4
7 8 4
6 5 3
7 5 3
6 1 3
8 4 3
9 5 3
6 4 3
7 5 3
8 0 3
6 6 3
7 3 3
8 8 3
9 0 3
7 7 3
6 6 2
6 0 2
10 5 2
9 4 2
7 7 2
7 5 2
8 4 2
9 7 2
10 1 2
9 3 2
7 0 2
9 3 2
8 5 2
10 8 2
9 2 2
9 8 2
7 7 2
9 3 2
9 0 2
8 7 2
6 0 2
9 8 2
6 4 2
9 3 2
10 3 2
7 3 2
9 1 2
10 8 1
6 3 1
7 3 1
6 0 1
10 1 1
9 5 1
10 3 1
8 6 1
9 7 1
9 3 1
