130 1
30 
10 6 5
9 1 5
10 3 5
7 7 5
8 3 5
7 2 5
8 3 5
9 1 5
7 7 5
8 2 5
9 0 5
9 1 5
6 5 5
9 6 5
7 5 5
7 6 5
10 0 5
10 0 5
7 2 5
9 5 5
10 8 5
6 8 5
7 2 5
7 6 5
8 6 5
6 7 5
7 2 5
7 2 5
10 4 4
9 2 4
8 6 4
9 6 4
8 6 4
9 7 4
9 6 4
8 4 4
8 0 4
9 0 4
7 6 4
8 6 4
6 4 4
7 0 4
6 0 4
9 1 4
10 7 4
6 2 4
6 7 4
10 3 4
9 2 4
6 1 4
6 4 4
9 8 4
9 7 4
7 3 4
10 4 4
10 2 4
8 3 4
7 4 4
8 2 3
6 6 3
9 2 3
10 7 3
8 1 3
6 4 3
10 1 3
7 2 3
8 6 3
9 5 3
8 3 3
7 5 3
8 8 3
6 8 3
8 5 3
7 8 3
6 1 3
9 5 3
10 3 3
6 2 3
7 8 3
7 4 3
9 5 3
6 7 3
7 5 2
7 7 2
8 3 2
6 4 2
8 0 2
8 6 2
10 8 2
9 8 2
8 5 2
8 7 2
10 6 2
9 2 2
10 1 2
7 5 2
7 2 2
7 2 2
10 7 2
10 6 2
7 0 2
9 5 1
9 8 1
7 2 1
10 5 1
9 0 1
9 1 1
9 4 1
10 7 1
8 6 1
6 5 1
7 1 1
8 1 1
10 3 1
8 4 1
8 5 1
10 3 1
10 2 1
7 7 1
6 4 1
7 6 1
6 8 1
9 5 1
8 1 1
10 7 1
7 5 1
9 3 1
8 6 1
10 8 1
8 7 1
