80 1
30 
10 3 5
9 7 5
9 5 5
6 3 5
6 2 5
9 0 5
7 0 5
9 3 5
10 3 5
8 7 5
10 7 5
8 7 5
10 4 5
9 5 5
9 4 5
7 0 5
10 1 5
7 2 4
8 0 4
7 1 4
9 4 4
9 8 4
7 8 4
9 5 4
8 0 4
6 3 4
10 2 4
7 6 4
10 3 3
10 5 3
7 3 3
9 4 3
6 7 3
6 2 3
9 4 3
7 3 3
10 6 3
9 5 3
6 3 3
6 1 3
6 1 3
10 2 3
6 7 3
10 4 3
6 0 2
7 5 2
6 1 2
6 7 2
7 2 2
7 3 2
7 2 2
10 4 2
7 2 2
9 2 2
6 8 2
7 5 2
9 7 2
10 8 2
8 2 2
8 5 2
7 5 1
6 3 1
7 5 1
9 7 1
9 7 1
6 2 1
8 2 1
8 4 1
9 7 1
10 6 1
8 8 1
7 6 1
6 8 1
6 5 1
6 1 1
8 8 1
8 0 1
8 0 1
10 7 1
10 1 1
