80 1
30 
10 5 5
6 5 5
9 1 5
10 4 5
6 3 5
6 0 5
7 8 5
9 0 5
6 1 5
7 0 5
8 0 5
6 5 5
9 0 5
9 2 5
10 1 5
7 8 5
10 2 5
6 4 5
9 1 5
6 4 4
10 4 4
9 5 4
8 4 4
7 5 4
10 2 4
10 8 4
9 7 4
6 7 4
9 7 4
7 8 4
7 6 4
7 8 4
10 6 4
6 4 4
6 1 4
9 1 4
9 5 3
10 1 3
7 5 3
10 4 3
6 7 3
9 8 3
7 8 3
9 2 3
6 8 3
10 2 3
6 2 3
6 8 3
7 8 3
10 0 3
9 3 2
7 4 2
10 2 2
8 3 2
7 6 2
6 1 2
6 8 2
9 7 2
9 8 2
8 7 2
8 7 2
6 0 2
7 5 2
10 6 2
10 7 2
9 1 2
6 3 2
6 0 2
7 7 1
8 3 1
9 8 1
10 4 1
8 0 1
8 5 1
9 3 1
7 5 1
9 7 1
9 7 1
7 7 1
6 2 1
