90 1
30 
10 5 5
9 3 5
9 1 5
6 8 5
10 6 5
6 2 5
10 7 5
6 3 5
10 1 5
7 7 5
7 1 5
7 7 5
6 7 5
6 6 5
10 2 5
8 8 5
8 5 5
6 6 5
9 6 4
6 8 4
10 2 4
9 0 4
10 0 4
6 3 4
10 8 4
10 7 4
8 3 4
8 8 4
7 4 4
9 6 4
10 0 4
10 5 4
7 4 4
9 6 4
8 5 4
9 1 3
8 5 3
8 5 3
10 8 3
7 4 3
6 8 3
8 5 3
8 3 3
8 2 3
6 0 3
9 5 3
8 8 3
8 6 3
7 1 3
9 8 3
7 3 3
7 6 3
7 6 3
9 1 3
8 1 3
9 5 2
7 3 2
7 2 2
8 6 2
8 1 2
7 6 2
10 8 2
8 2 2
6 7 2
6 7 2
8 5 2
6 8 2
10 7 2
6 3 2
7 4 2
9 1 2
8 1 2
7 7 2
6 8 1
10 7 1
7 1 1
8 4 1
9 2 1
10 0 1
9 3 1
9 6 1
7 0 1
7 6 1
6 1 1
6 5 1
8 3 1
7 4 1
7 7 1
8 0 1
8 5 1
