100 1
30 
9 2 5
7 5 5
7 1 5
8 8 5
7 5 5
7 8 5
6 8 5
7 2 5
9 4 5
7 4 5
7 7 5
10 5 5
7 2 5
8 1 5
7 7 5
9 7 5
10 0 5
9 8 5
6 4 5
9 5 4
8 7 4
10 1 4
6 0 4
7 5 4
6 3 4
10 5 4
10 8 4
6 3 4
6 8 4
8 4 3
7 3 3
6 2 3
8 8 3
6 3 3
8 4 3
9 8 3
6 3 3
6 8 3
6 5 3
9 3 3
7 6 3
7 2 3
7 2 3
8 7 3
9 0 3
9 6 3
9 3 3
10 2 3
7 1 3
10 8 3
6 6 3
9 1 3
6 5 3
9 1 2
9 5 2
8 4 2
9 0 2
9 7 2
8 8 2
10 8 2
9 3 2
10 2 2
6 2 2
8 0 2
10 6 2
10 1 2
7 2 2
9 8 2
9 3 2
10 3 2
6 4 2
9 1 2
6 3 2
10 8 2
8 5 2
8 7 2
7 8 2
6 2 2
7 6 2
10 5 2
9 0 2
9 8 2
6 6 1
6 5 1
7 0 1
10 8 1
6 3 1
8 0 1
6 5 1
10 6 1
10 6 1
9 3 1
9 3 1
10 3 1
8 3 1
9 7 1
7 2 1
8 6 1
6 6 1
7 4 1
