80 1
30 
10 5 5
8 8 5
6 7 5
7 4 5
9 0 5
7 5 5
6 3 5
9 4 5
8 6 5
8 4 5
7 4 5
9 5 5
10 5 5
9 7 5
6 4 5
8 3 5
8 5 5
10 5 5
7 0 5
6 4 5
10 5 5
9 2 5
10 4 5
9 0 5
9 3 4
7 6 4
6 1 4
8 3 4
9 7 4
8 3 4
9 0 4
6 6 4
8 1 4
7 2 4
6 0 4
8 8 4
8 1 4
8 3 4
7 1 4
8 3 4
9 6 4
7 0 3
6 8 3
8 4 3
8 4 3
6 5 3
8 2 3
9 7 3
6 4 3
6 8 3
8 3 3
7 6 3
8 3 3
8 2 3
6 0 2
10 6 2
7 1 2
8 6 2
7 6 2
8 0 2
7 7 2
6 0 2
7 3 2
10 7 2
10 7 2
8 6 2
10 4 2
9 6 2
7 6 2
9 2 1
10 8 1
8 7 1
8 1 1
6 1 1
6 5 1
6 0 1
9 8 1
10 5 1
9 5 1
6 5 1
