130 1
30 
9 4 5
8 2 5
9 8 5
8 1 5
6 2 5
10 8 5
10 7 5
9 7 5
9 0 5
8 3 5
7 0 5
10 0 5
6 8 5
7 5 5
6 4 5
7 6 5
6 3 5
7 1 5
9 0 5
7 7 5
8 8 5
6 5 5
6 0 5
6 1 5
9 5 5
10 8 5
10 1 5
6 5 5
7 8 4
6 1 4
6 2 4
6 0 4
8 1 4
10 5 4
6 3 4
9 4 4
9 2 4
7 3 4
8 5 4
8 2 4
8 6 4
6 8 4
8 2 4
7 6 4
7 0 4
10 1 4
10 4 4
9 0 4
8 8 4
9 0 3
10 4 3
7 7 3
6 7 3
9 8 3
7 1 3
9 7 3
10 8 3
9 0 3
6 0 3
8 0 3
9 0 3
8 4 3
9 1 3
8 7 3
7 7 3
9 0 3
7 4 3
9 7 3
6 5 3
9 8 3
9 6 3
9 5 2
9 3 2
10 5 2
7 7 2
7 3 2
10 4 2
7 0 2
10 7 2
10 1 2
9 7 2
8 8 2
10 7 2
6 1 2
10 1 2
9 0 2
10 5 2
8 1 2
8 5 2
9 2 2
6 6 2
6 4 2
10 5 2
6 8 2
10 1 2
9 3 2
6 4 2
7 5 2
7 2 2
7 2 2
6 6 2
10 4 2
9 1 2
9 8 2
7 7 2
10 2 1
9 7 1
10 1 1
8 4 1
10 4 1
10 3 1
8 3 1
8 7 1
8 2 1
7 8 1
10 7 1
7 2 1
10 8 1
6 5 1
8 4 1
8 2 1
10 3 1
7 1 1
10 3 1
6 6 1
8 4 1
9 6 1
10 5 1
7 5 1
9 1 1
