100 1
30 
7 4 5
8 4 5
9 4 5
7 5 5
9 7 5
8 0 5
8 0 5
10 2 5
9 7 5
8 0 5
6 3 5
6 8 5
8 4 5
8 5 5
10 7 5
7 2 5
10 1 5
7 2 5
10 2 5
10 3 5
9 5 5
9 0 5
10 1 5
7 1 5
7 7 5
9 1 5
9 5 5
7 2 4
6 3 4
8 1 4
7 0 4
6 2 4
7 1 4
9 7 4
7 3 4
8 5 4
9 7 4
6 7 4
8 3 4
9 5 4
9 4 4
7 5 4
8 2 4
9 5 4
8 2 4
8 5 3
7 1 3
10 5 3
10 8 3
6 3 3
9 2 3
10 6 3
8 7 3
8 0 3
10 3 3
7 0 3
8 8 3
7 5 3
7 8 3
10 5 3
7 8 3
7 6 3
8 0 3
9 6 3
9 1 3
8 8 2
6 7 2
10 3 2
6 3 2
9 6 2
8 6 2
8 4 2
6 8 2
7 5 2
10 2 2
10 8 2
8 8 2
7 6 2
9 6 2
7 7 2
9 0 2
7 0 2
8 3 2
9 8 1
9 7 1
10 7 1
8 2 1
7 5 1
10 6 1
7 3 1
7 3 1
9 7 1
6 7 1
7 0 1
6 5 1
8 0 1
8 1 1
6 4 1
8 2 1
8 1 1
