100 1
30 
6 5 5
8 0 5
6 1 5
10 2 5
8 2 5
7 6 5
8 1 5
6 2 5
10 1 5
8 5 5
8 3 5
8 7 5
9 4 5
10 7 5
6 0 5
6 3 5
8 6 5
8 1 5
8 3 5
7 4 5
7 3 4
10 2 4
8 1 4
9 2 4
6 6 4
8 6 4
6 2 4
8 7 4
6 1 4
10 5 4
8 5 4
8 1 4
9 7 4
10 1 4
6 2 4
8 6 4
9 0 4
9 3 4
7 0 3
7 3 3
9 0 3
7 6 3
6 1 3
8 1 3
8 7 3
8 6 3
10 5 3
8 3 3
8 4 3
10 6 3
10 8 3
10 0 3
7 5 3
6 7 3
10 7 3
7 0 3
6 2 3
10 6 3
8 2 3
10 3 3
9 5 3
7 4 3
9 3 3
9 0 3
6 6 3
8 4 3
8 5 3
6 0 2
10 3 2
10 0 2
10 0 2
10 2 2
8 2 2
9 1 2
8 8 2
7 0 2
9 6 2
8 5 2
6 3 2
10 0 2
8 7 2
8 0 2
7 8 2
10 3 2
6 3 2
7 4 2
8 4 2
9 5 1
10 7 1
10 8 1
9 6 1
8 3 1
7 5 1
9 1 1
10 7 1
6 0 1
9 3 1
9 5 1
7 1 1
8 6 1
