120 1
30 
7 2 5
6 0 5
6 5 5
9 4 5
10 5 5
10 7 5
6 7 5
8 0 5
10 8 5
10 8 5
10 7 5
6 5 5
8 7 5
10 1 5
9 5 5
7 6 5
8 0 4
10 2 4
7 3 4
9 6 4
10 6 4
10 5 4
9 8 4
6 4 4
6 7 4
7 8 4
9 4 4
10 1 4
9 0 4
6 7 4
8 3 4
6 7 4
7 2 4
7 2 4
9 6 4
7 2 4
10 4 4
8 6 4
7 6 3
7 4 3
7 0 3
8 3 3
9 7 3
10 7 3
7 1 3
10 5 3
10 2 3
7 0 3
6 5 3
7 4 3
6 0 3
8 8 3
10 0 3
7 8 3
6 1 3
7 5 3
7 1 3
7 7 3
8 5 3
7 6 3
8 8 3
9 4 3
7 1 3
6 3 3
10 6 3
9 6 2
7 0 2
8 0 2
7 1 2
8 5 2
8 6 2
6 6 2
9 0 2
10 1 2
6 2 2
8 8 2
10 0 2
6 4 2
8 6 2
8 1 2
7 4 2
7 0 2
7 6 2
8 8 2
8 4 2
9 3 2
6 1 2
7 7 2
8 6 2
10 0 2
8 5 2
10 1 2
6 0 2
9 0 1
10 4 1
10 6 1
10 7 1
9 4 1
7 0 1
10 5 1
7 1 1
8 7 1
9 0 1
6 3 1
10 3 1
7 1 1
9 7 1
10 0 1
10 4 1
6 7 1
10 7 1
7 7 1
7 6 1
10 5 1
10 8 1
9 3 1
7 8 1
9 4 1
7 5 1
9 0 1
