90 1
30 
6 6 5
10 8 5
8 2 5
10 3 5
8 5 5
10 4 5
10 3 5
9 2 5
6 3 5
6 0 5
7 0 5
10 3 5
6 6 5
9 8 5
9 2 5
10 5 5
7 4 5
7 7 5
7 4 4
9 2 4
10 3 4
7 1 4
6 6 4
8 5 4
10 7 4
8 8 4
7 3 4
7 3 4
6 2 4
6 3 4
10 6 4
7 6 3
8 2 3
7 6 3
7 3 3
10 6 3
10 0 3
10 4 3
8 8 3
7 5 3
6 3 3
6 0 3
10 8 3
9 3 3
10 3 3
10 2 3
8 4 3
6 8 3
8 1 3
7 0 3
7 3 3
7 5 3
6 3 3
8 1 3
6 2 2
10 0 2
9 4 2
6 5 2
9 1 2
10 0 2
6 6 2
6 7 2
6 1 2
10 1 2
9 4 2
6 0 2
9 8 2
10 6 2
9 4 2
10 3 2
10 0 2
9 5 2
7 5 1
10 0 1
8 4 1
10 4 1
10 3 1
10 8 1
7 2 1
8 4 1
10 5 1
7 5 1
9 8 1
6 8 1
7 4 1
8 3 1
9 1 1
6 5 1
6 0 1
8 2 1
