110 1
30 
8 1 5
7 6 5
9 1 5
6 7 5
8 0 5
10 5 5
8 7 5
8 5 5
8 2 5
9 3 5
8 8 5
10 0 5
7 5 5
8 6 5
9 4 5
9 2 5
6 4 5
8 0 5
9 4 5
10 8 5
6 2 5
8 0 5
9 2 5
7 8 5
10 8 5
10 0 5
6 5 5
10 0 4
10 8 4
10 2 4
9 2 4
6 5 4
10 2 4
10 1 4
10 4 4
7 6 4
6 3 4
10 3 4
6 2 4
8 6 4
8 8 4
6 5 4
6 8 4
8 4 4
7 1 4
8 4 4
7 3 4
10 4 4
8 5 3
8 0 3
8 4 3
8 6 3
10 4 3
7 7 3
10 8 3
7 0 3
6 8 3
8 7 3
10 8 3
9 1 3
6 3 3
7 1 3
6 3 3
6 7 3
10 4 3
6 5 3
9 2 3
9 0 3
10 0 3
10 0 3
6 2 2
6 4 2
6 8 2
10 6 2
7 8 2
8 0 2
9 8 2
10 5 2
8 0 2
6 2 2
8 7 2
9 4 2
6 7 2
6 7 2
8 3 2
8 0 2
8 8 2
7 4 2
10 1 2
6 5 2
8 5 1
7 4 1
7 8 1
9 4 1
10 7 1
8 7 1
8 2 1
8 8 1
9 4 1
9 0 1
10 7 1
7 2 1
7 1 1
8 8 1
8 8 1
6 7 1
6 0 1
6 7 1
7 7 1
8 2 1
