130 1
30 
6 3 5
7 1 5
7 0 5
9 4 5
8 7 5
10 5 5
6 5 5
7 1 5
8 1 5
7 0 5
6 6 5
7 2 5
7 2 5
9 7 5
7 3 5
6 2 5
6 6 5
8 1 5
6 2 5
8 3 5
10 0 5
8 2 4
6 8 4
6 1 4
9 6 4
6 7 4
7 4 4
9 0 4
6 1 4
6 5 4
8 0 4
7 2 4
9 8 4
10 8 4
6 7 4
10 1 4
10 8 4
7 4 4
8 5 4
8 4 4
9 3 4
10 2 4
8 8 4
9 6 4
10 1 4
9 7 4
8 7 4
10 1 4
6 3 4
10 5 3
10 3 3
8 7 3
6 4 3
8 5 3
10 7 3
9 7 3
10 3 3
9 3 3
8 8 3
6 1 3
10 0 3
7 0 3
7 5 3
10 0 3
7 1 3
10 7 3
6 4 3
9 0 3
6 0 3
6 3 3
7 1 3
8 3 2
10 4 2
9 8 2
10 0 2
8 6 2
9 8 2
6 5 2
8 7 2
8 5 2
7 4 2
8 8 2
8 2 2
9 0 2
6 8 2
10 8 2
6 0 2
9 6 2
8 3 2
10 6 2
10 3 2
7 0 2
7 5 2
6 0 2
7 8 2
10 0 2
7 6 2
7 0 2
6 4 2
8 7 1
7 4 1
9 3 1
8 1 1
10 8 1
10 5 1
7 7 1
10 0 1
10 8 1
7 3 1
10 1 1
6 1 1
9 8 1
7 4 1
9 4 1
6 5 1
10 7 1
7 4 1
10 1 1
10 0 1
6 7 1
7 4 1
7 1 1
7 3 1
6 4 1
10 3 1
9 1 1
9 4 1
9 4 1
6 1 1
8 7 1
