100 1
30 
10 2 5
7 8 5
9 7 5
9 4 5
10 4 5
6 4 5
7 8 5
8 0 5
8 4 5
8 2 5
6 4 5
9 8 5
6 7 5
8 1 5
8 2 5
6 8 5
10 2 5
7 3 5
10 1 5
9 7 5
9 0 5
7 4 4
6 7 4
6 7 4
7 1 4
8 6 4
6 1 4
10 1 4
10 8 4
7 6 4
9 5 4
10 0 4
6 0 4
8 3 3
6 8 3
8 7 3
10 7 3
7 6 3
10 8 3
9 6 3
8 4 3
8 1 3
7 3 3
6 4 3
9 2 3
6 4 3
6 1 3
8 2 3
10 7 3
8 4 3
9 6 3
10 4 3
7 1 3
7 7 2
6 6 2
6 1 2
10 3 2
7 5 2
7 6 2
10 6 2
10 7 2
10 4 2
8 6 2
9 0 2
8 1 2
10 3 2
8 6 2
9 1 2
7 1 2
9 7 2
6 8 2
7 0 2
10 3 2
9 4 2
7 4 2
10 2 1
8 7 1
7 1 1
10 3 1
10 2 1
7 2 1
7 7 1
6 3 1
8 1 1
7 6 1
8 1 1
10 5 1
8 8 1
6 4 1
7 7 1
8 4 1
9 5 1
10 3 1
10 0 1
9 7 1
8 0 1
10 1 1
9 2 1
10 2 1
10 7 1
