130 1
30 
7 1 5
7 3 5
10 1 5
6 4 5
9 7 5
10 3 5
8 3 5
7 4 5
7 5 5
9 8 5
7 0 5
9 2 5
8 3 5
8 4 5
6 5 5
8 8 5
6 5 5
6 1 5
8 3 5
10 7 5
10 5 5
8 0 5
8 7 5
6 1 5
6 2 5
10 2 5
8 7 5
9 4 4
8 6 4
10 6 4
8 2 4
9 1 4
6 3 4
7 2 4
10 6 4
10 6 4
7 4 4
6 7 4
6 6 4
6 3 4
7 4 4
7 1 4
9 0 4
9 8 4
7 5 4
8 3 4
6 7 4
6 0 4
8 4 4
6 1 4
6 3 4
8 4 4
8 6 4
10 1 4
9 5 3
7 2 3
6 8 3
9 7 3
6 7 3
7 2 3
6 5 3
10 1 3
9 5 3
6 7 3
10 2 3
6 0 3
9 4 3
7 8 3
8 4 3
6 7 3
9 0 3
6 8 3
9 3 3
10 2 3
6 2 3
8 0 3
6 1 3
6 8 3
7 4 3
10 2 2
7 8 2
9 4 2
7 1 2
10 8 2
10 4 2
7 0 2
10 4 2
7 6 2
6 1 2
10 4 2
9 0 2
9 2 2
7 8 2
9 6 2
7 6 2
6 0 2
7 5 2
10 4 2
7 5 2
8 3 2
7 8 2
9 6 2
6 5 2
6 1 1
6 0 1
8 4 1
10 6 1
9 7 1
7 1 1
10 3 1
8 5 1
10 6 1
10 0 1
9 1 1
7 0 1
8 6 1
8 7 1
6 3 1
6 7 1
7 6 1
9 2 1
7 2 1
8 0 1
8 8 1
6 5 1
6 5 1
10 7 1
9 5 1
10 4 1
8 6 1
