110 1
30 
8 4 5
10 2 5
8 2 5
6 1 5
6 1 5
9 0 5
7 8 5
10 2 5
10 4 5
9 8 5
8 6 5
7 6 5
10 8 5
9 8 5
10 6 5
7 5 5
6 4 5
6 2 5
7 8 5
9 3 5
9 2 5
9 0 5
6 5 5
6 0 5
9 4 5
6 6 4
9 3 4
7 8 4
10 6 4
7 6 4
6 8 4
10 8 4
10 7 4
10 6 4
6 2 4
9 4 4
8 2 4
10 2 4
10 1 4
8 7 4
7 6 4
10 1 4
7 6 4
7 5 4
8 7 4
7 4 4
8 0 4
8 6 3
6 5 3
6 1 3
8 1 3
7 3 3
9 2 3
6 6 3
6 0 3
7 0 3
8 2 3
6 6 3
6 4 3
8 5 3
8 2 3
8 1 3
7 8 3
9 0 3
9 5 2
10 1 2
9 5 2
9 1 2
6 6 2
10 2 2
9 7 2
6 4 2
8 1 2
6 6 2
6 0 2
9 4 2
7 0 2
6 0 2
7 1 2
9 7 2
7 3 2
8 5 2
8 0 2
9 5 2
9 5 2
7 3 2
7 5 2
9 6 2
9 8 2
10 0 1
7 0 1
8 4 1
9 8 1
8 5 1
7 3 1
9 4 1
6 5 1
6 6 1
6 4 1
6 7 1
8 4 1
6 8 1
8 5 1
8 8 1
10 1 1
8 8 1
6 8 1
7 1 1
7 6 1
10 0 1
