120 1
30 
9 7 5
10 6 5
8 8 5
7 6 5
8 8 5
7 3 5
8 7 5
9 3 5
7 3 5
6 8 5
6 0 5
8 0 5
9 3 5
10 8 5
8 7 5
9 5 5
7 5 5
8 4 5
9 6 5
6 4 5
8 4 4
7 6 4
10 0 4
8 4 4
10 2 4
8 1 4
9 1 4
8 1 4
10 2 4
7 5 4
10 8 4
6 4 4
10 5 4
8 1 4
8 7 4
10 4 4
6 2 4
6 8 4
10 2 4
9 8 4
10 4 4
6 0 4
8 2 4
9 0 4
7 2 4
8 7 3
6 2 3
7 3 3
6 5 3
8 5 3
9 5 3
9 1 3
6 1 3
10 2 3
10 7 3
7 8 3
8 5 3
9 3 3
7 1 3
7 0 3
10 2 3
6 6 3
10 1 3
8 3 3
8 6 3
6 3 3
7 7 3
10 3 3
9 6 3
7 6 3
10 3 3
9 1 3
8 2 2
9 1 2
6 5 2
7 7 2
7 3 2
6 5 2
10 6 2
6 0 2
6 7 2
7 4 2
9 6 2
9 0 2
7 8 2
9 5 2
10 6 2
10 0 2
6 4 2
8 7 2
8 7 2
7 0 2
8 8 2
7 3 2
9 8 2
10 5 2
10 2 2
9 3 2
9 0 1
6 7 1
9 1 1
7 0 1
6 0 1
7 2 1
9 4 1
7 7 1
7 4 1
6 7 1
6 5 1
10 8 1
9 8 1
6 5 1
7 7 1
7 3 1
10 4 1
7 7 1
6 0 1
10 5 1
6 8 1
6 7 1
