100 1
30 
6 4 5
10 6 5
10 8 5
6 1 5
8 1 5
7 3 5
10 2 5
9 3 5
8 5 5
7 4 5
6 7 5
9 6 5
7 0 5
9 3 5
9 7 5
10 7 5
10 0 5
8 6 4
8 2 4
8 8 4
10 3 4
7 7 4
7 7 4
10 4 4
7 3 4
8 7 4
7 5 4
6 7 4
7 4 4
8 0 4
9 0 4
7 7 4
6 2 4
6 6 4
6 1 4
10 8 4
9 1 4
6 1 4
7 3 4
10 1 4
6 1 4
6 4 4
6 8 4
8 8 4
9 8 4
8 5 4
9 8 4
7 4 4
10 6 3
6 5 3
8 7 3
7 0 3
7 1 3
7 3 3
9 5 3
7 3 3
8 8 3
8 6 3
9 2 3
9 7 3
7 1 3
8 2 3
7 0 3
7 5 3
6 8 3
8 1 3
8 1 3
7 3 3
10 2 2
8 2 2
10 2 2
6 6 2
8 7 2
6 4 2
6 6 2
8 3 2
8 2 2
6 8 2
9 0 2
6 1 2
10 4 2
7 1 2
8 6 2
6 0 2
10 3 1
6 5 1
9 0 1
6 7 1
9 3 1
6 1 1
10 3 1
10 5 1
8 5 1
8 0 1
7 2 1
10 3 1
7 8 1
6 5 1
8 2 1
6 5 1
