120 1
30 
7 6 5
7 1 5
8 3 5
7 1 5
9 6 5
7 1 5
9 5 5
8 0 5
6 5 5
6 5 5
8 4 5
6 1 5
9 5 5
6 5 5
7 3 5
8 4 5
9 2 5
10 8 5
7 5 5
6 0 5
10 7 5
8 0 5
6 4 5
10 8 5
8 4 5
7 3 5
9 1 5
6 6 4
6 8 4
7 7 4
10 2 4
6 8 4
8 0 4
10 4 4
10 6 4
9 6 4
10 4 4
9 3 4
8 5 4
8 3 4
6 8 4
8 2 4
9 3 4
10 3 4
10 5 4
9 4 4
6 8 3
9 0 3
8 4 3
8 6 3
10 6 3
7 7 3
8 6 3
9 1 3
10 3 3
10 1 3
6 3 3
6 7 3
6 5 3
8 1 3
9 7 3
9 0 3
6 3 3
8 1 3
7 4 3
6 4 3
7 6 3
6 3 3
9 8 2
9 0 2
9 0 2
7 2 2
6 5 2
6 1 2
6 3 2
9 7 2
8 0 2
9 6 2
8 8 2
10 6 2
9 5 2
9 3 2
6 0 2
6 4 2
8 4 2
10 5 2
8 2 2
8 2 2
10 3 2
10 6 2
6 7 2
8 4 2
10 7 2
7 8 2
6 8 1
7 5 1
8 4 1
9 5 1
9 3 1
9 8 1
9 6 1
7 1 1
6 0 1
6 8 1
7 8 1
9 3 1
10 8 1
9 7 1
8 6 1
8 3 1
10 1 1
8 2 1
10 6 1
6 8 1
8 4 1
7 8 1
6 7 1
7 2 1
9 0 1
6 1 1
