100 1
30 
9 1 5
10 8 5
8 3 5
7 7 5
8 2 5
7 4 5
7 8 5
7 3 5
7 1 5
9 2 5
8 2 5
7 6 5
8 4 5
7 7 5
9 3 5
7 5 5
8 0 5
8 5 5
9 4 5
9 3 5
8 1 5
10 8 4
9 1 4
7 3 4
9 3 4
9 6 4
6 8 4
8 2 4
7 6 4
8 7 4
10 4 4
10 4 4
8 1 4
8 2 4
7 3 4
9 6 4
7 3 4
9 4 4
10 2 4
7 7 4
7 2 3
10 5 3
7 1 3
8 0 3
8 7 3
7 6 3
8 5 3
6 4 3
10 6 3
10 1 3
6 5 3
7 2 3
7 4 3
9 4 3
10 2 3
10 1 3
9 1 3
10 5 3
6 1 3
9 1 3
9 4 3
6 1 3
7 3 3
9 8 3
8 8 3
8 8 2
6 0 2
6 5 2
8 0 2
7 0 2
9 5 2
10 0 2
7 4 2
6 3 2
10 2 2
10 0 2
8 2 2
9 3 2
9 2 2
9 3 2
6 8 2
9 2 2
8 2 1
9 1 1
6 1 1
9 5 1
8 0 1
8 4 1
10 8 1
7 3 1
6 1 1
9 4 1
8 2 1
9 8 1
10 0 1
9 4 1
7 0 1
10 8 1
10 6 1
7 1 1
