100 1
30 
9 7 5
7 6 5
9 7 5
6 7 5
8 1 5
9 3 5
10 0 5
6 0 5
8 7 5
7 3 5
6 5 5
8 3 5
7 6 5
7 6 5
9 2 5
6 4 5
10 1 5
9 0 5
6 7 5
9 8 5
9 6 5
6 3 4
10 3 4
8 2 4
10 1 4
10 2 4
10 8 4
10 2 4
9 1 4
6 7 4
8 5 4
9 3 4
6 4 4
10 5 4
10 3 4
8 1 4
10 7 4
10 5 4
6 3 4
7 8 4
8 7 3
7 3 3
9 8 3
7 7 3
7 5 3
9 3 3
8 4 3
8 8 3
8 3 3
7 5 3
10 1 3
10 3 3
9 3 3
9 4 3
7 8 3
9 8 3
7 8 3
9 1 3
10 5 2
6 1 2
7 7 2
8 8 2
9 2 2
8 3 2
10 2 2
6 4 2
10 0 2
6 3 2
6 3 2
6 5 2
9 7 2
7 6 2
7 3 2
7 3 2
9 2 2
6 0 2
8 3 2
10 8 2
7 8 2
6 6 2
10 2 2
10 0 1
8 1 1
6 1 1
9 4 1
6 6 1
8 4 1
8 1 1
9 3 1
7 5 1
6 8 1
7 8 1
6 1 1
7 5 1
8 6 1
8 8 1
9 2 1
8 4 1
6 7 1
8 6 1
