100 1
30 
6 3 5
7 6 5
9 1 5
8 6 5
7 8 5
8 2 5
6 7 5
10 3 5
10 8 5
8 7 5
7 4 5
8 0 5
6 7 5
8 6 5
6 6 5
6 5 5
8 4 4
9 1 4
7 4 4
6 2 4
9 5 4
10 3 4
10 7 4
9 8 4
8 2 4
10 2 4
7 3 4
9 5 4
6 2 4
8 5 4
6 1 4
9 3 3
8 6 3
9 4 3
9 0 3
6 5 3
7 1 3
10 5 3
9 1 3
8 5 3
8 6 3
10 3 3
7 5 3
7 4 3
9 3 3
10 0 3
9 7 3
6 5 3
10 3 3
10 2 3
6 3 3
10 7 3
8 2 3
7 2 2
7 7 2
10 1 2
6 8 2
10 4 2
10 7 2
6 4 2
10 7 2
9 3 2
10 3 2
7 2 2
7 4 2
10 0 2
6 5 2
10 8 2
8 7 2
9 6 2
10 7 2
10 7 2
9 0 2
7 1 2
9 8 2
8 8 2
8 6 2
7 3 1
10 3 1
6 3 1
6 0 1
10 8 1
10 6 1
7 5 1
9 7 1
7 2 1
10 5 1
7 5 1
8 5 1
10 0 1
6 7 1
6 3 1
10 5 1
6 2 1
10 6 1
9 1 1
8 4 1
9 3 1
9 8 1
9 0 1
