130 1
30 
10 7 5
6 3 5
10 3 5
9 5 5
9 5 5
10 6 5
6 6 5
10 0 5
8 3 5
6 2 5
8 1 5
7 5 5
9 2 5
8 5 5
10 4 5
10 6 5
6 4 5
7 5 4
9 0 4
6 8 4
9 0 4
10 5 4
10 4 4
9 7 4
7 8 4
10 0 4
9 3 4
9 6 4
7 5 4
9 1 4
9 2 4
6 5 4
7 0 4
9 1 4
6 1 4
7 5 4
8 7 4
10 6 4
10 7 4
8 2 4
8 1 4
7 2 4
7 4 4
7 2 4
6 6 4
6 7 4
10 8 3
9 6 3
8 0 3
8 3 3
7 7 3
8 5 3
9 6 3
10 3 3
10 1 3
7 7 3
10 0 3
10 1 3
7 3 3
9 6 3
10 6 3
10 1 3
9 3 3
6 2 3
10 2 3
6 3 3
7 6 3
10 8 3
6 8 2
7 2 2
9 5 2
8 0 2
6 4 2
7 6 2
9 3 2
8 4 2
7 6 2
6 2 2
9 2 2
7 8 2
10 0 2
6 8 2
8 0 2
10 5 2
7 2 2
8 7 2
7 4 2
10 5 2
9 5 2
8 5 2
9 3 2
7 1 2
9 4 2
8 6 2
10 6 2
8 0 2
9 0 2
7 4 2
6 2 2
6 0 2
8 4 2
10 0 2
8 2 2
7 2 2
9 3 2
9 8 2
8 4 2
8 1 2
6 4 2
10 6 1
8 3 1
8 4 1
10 7 1
8 3 1
9 3 1
6 0 1
8 5 1
10 5 1
8 7 1
9 2 1
10 1 1
9 3 1
6 5 1
7 2 1
9 1 1
10 6 1
9 3 1
9 6 1
7 7 1
8 0 1
