110 1
30 
9 8 5
6 3 5
6 7 5
6 0 5
8 2 5
9 8 5
9 7 5
9 4 5
7 1 5
9 2 5
8 7 5
9 5 5
6 2 5
9 7 5
8 4 5
6 3 5
10 5 5
8 5 5
7 1 5
6 1 5
10 4 5
8 8 4
10 5 4
7 5 4
6 1 4
7 4 4
8 3 4
6 2 4
6 5 4
9 2 4
6 7 4
7 6 4
7 5 4
7 4 4
8 4 4
8 3 4
7 3 4
8 1 4
6 2 4
6 2 4
9 4 4
7 3 4
10 7 4
7 2 4
7 8 4
8 8 4
6 2 4
9 6 4
6 6 3
9 4 3
7 4 3
9 1 3
8 2 3
7 4 3
8 8 3
8 2 3
6 8 3
10 4 3
6 0 3
10 4 3
9 1 3
7 1 3
8 4 3
6 6 3
6 3 3
8 3 2
7 8 2
9 7 2
7 6 2
8 1 2
8 3 2
9 1 2
10 2 2
6 0 2
6 4 2
8 5 2
10 7 2
6 3 2
7 2 2
9 2 2
6 3 2
7 2 2
8 5 2
9 6 2
6 3 2
8 5 2
10 4 2
7 2 1
8 4 1
10 2 1
10 5 1
8 6 1
6 0 1
7 1 1
6 7 1
9 6 1
8 3 1
6 3 1
10 7 1
8 2 1
7 1 1
10 1 1
10 0 1
7 6 1
7 5 1
6 3 1
9 4 1
9 4 1
10 8 1
10 5 1
