90 1
30 
10 6 5
7 1 5
6 6 5
9 6 5
6 5 5
7 2 5
6 2 5
10 4 5
7 0 5
8 4 5
6 3 5
6 0 5
8 3 5
10 1 5
7 3 5
8 3 4
10 7 4
9 3 4
7 4 4
6 3 4
10 3 4
8 1 4
8 3 4
6 3 4
9 4 4
7 7 4
8 3 4
7 8 4
10 2 4
7 8 4
10 7 4
7 6 4
6 7 3
8 2 3
9 5 3
8 0 3
10 3 3
8 0 3
9 7 3
9 2 3
7 3 3
6 3 3
9 7 3
10 8 3
9 7 3
10 7 3
8 2 3
10 7 3
8 3 3
9 5 3
10 3 3
6 3 2
7 8 2
7 0 2
9 1 2
9 8 2
10 6 2
10 1 2
9 3 2
10 2 2
10 2 2
6 1 2
6 5 2
8 7 2
9 3 2
9 1 2
10 6 2
7 4 2
10 4 2
8 8 1
10 2 1
7 4 1
6 7 1
8 8 1
10 4 1
9 6 1
10 5 1
9 4 1
6 2 1
6 0 1
9 6 1
9 7 1
9 2 1
6 5 1
7 1 1
9 0 1
9 1 1
9 3 1
8 0 1
8 2 1
