80 1
30 
6 0 5
9 8 5
10 8 5
6 6 5
8 3 5
9 6 5
8 2 5
9 3 5
8 0 5
6 7 5
10 6 5
10 1 5
9 7 4
6 1 4
7 5 4
8 2 4
9 0 4
7 7 4
10 3 4
10 0 4
6 0 4
9 4 4
10 4 4
7 5 4
9 5 4
10 3 4
7 4 4
6 2 4
10 8 4
9 3 4
10 4 4
7 5 3
7 3 3
9 3 3
8 0 3
8 1 3
8 8 3
8 0 3
10 7 3
10 0 3
6 0 3
9 3 3
6 5 3
9 4 3
9 0 2
7 2 2
10 2 2
6 2 2
9 2 2
10 1 2
10 8 2
10 1 2
9 2 2
10 7 2
10 7 2
10 4 2
9 6 2
9 3 2
8 2 2
10 1 2
8 4 2
6 1 2
7 1 2
10 1 2
7 7 2
9 8 1
7 2 1
10 0 1
9 5 1
10 5 1
7 4 1
6 6 1
9 8 1
8 7 1
7 1 1
10 4 1
9 5 1
7 1 1
10 4 1
6 6 1
