100 1
30 
10 1 5
6 6 5
6 5 5
9 8 5
8 3 5
8 5 5
9 8 5
9 0 5
8 8 5
10 1 5
6 2 5
6 4 5
8 0 5
10 2 5
7 3 5
10 2 5
9 5 5
6 8 5
8 2 4
6 4 4
6 7 4
8 2 4
8 1 4
10 6 4
6 2 4
10 7 4
7 8 4
9 5 4
9 4 4
6 0 4
8 7 4
6 3 4
6 3 4
9 4 4
6 6 4
9 7 4
10 2 3
9 8 3
6 6 3
10 1 3
9 6 3
8 2 3
10 7 3
8 5 3
6 7 3
8 8 3
10 2 3
10 3 3
8 7 3
10 8 3
9 6 3
10 7 3
9 7 3
7 1 3
9 3 3
10 6 3
9 6 2
9 6 2
8 8 2
7 6 2
10 0 2
6 6 2
10 8 2
7 1 2
6 7 2
7 4 2
10 7 2
10 0 2
6 8 2
9 1 2
9 5 2
7 4 2
8 7 2
7 0 2
10 8 2
7 5 2
7 7 2
7 2 2
10 3 1
6 7 1
8 3 1
7 3 1
7 4 1
7 5 1
7 4 1
10 0 1
7 0 1
7 6 1
6 8 1
9 5 1
10 2 1
6 6 1
8 7 1
8 6 1
6 2 1
10 7 1
7 4 1
6 5 1
8 0 1
7 2 1
