110 1
30 
9 8 5
6 6 5
10 3 5
10 7 5
6 7 5
6 1 5
8 3 5
10 0 5
9 3 5
9 1 5
6 4 5
8 1 5
9 6 5
10 7 5
6 6 5
6 7 5
9 0 5
7 8 5
7 8 5
6 1 5
6 1 5
6 5 4
8 1 4
10 5 4
7 2 4
6 6 4
7 2 4
10 3 4
6 7 4
8 4 4
6 6 4
6 2 4
8 3 4
10 6 4
10 3 4
6 2 4
7 8 4
6 1 3
8 7 3
6 5 3
8 1 3
8 5 3
7 3 3
8 2 3
7 7 3
10 5 3
10 8 3
10 8 3
7 7 3
6 3 3
6 3 3
7 3 3
8 3 3
10 4 3
6 8 3
6 1 3
10 3 3
9 8 3
8 7 3
7 3 3
7 2 3
9 3 3
6 0 2
10 6 2
8 3 2
6 5 2
10 8 2
7 4 2
9 5 2
6 1 2
9 1 2
9 6 2
7 5 2
7 5 2
8 2 2
7 3 2
6 1 2
7 4 2
8 8 2
9 5 2
7 8 2
7 7 2
8 6 2
9 1 2
10 6 2
10 0 2
7 8 2
8 7 2
9 0 2
10 6 1
8 3 1
6 8 1
6 8 1
8 1 1
6 7 1
7 4 1
6 8 1
10 7 1
6 5 1
10 5 1
10 4 1
7 7 1
9 2 1
8 4 1
9 0 1
6 3 1
7 2 1
9 5 1
6 8 1
9 3 1
