110 1
30 
8 5 5
6 7 5
6 1 5
7 6 5
6 5 5
8 6 5
10 1 5
8 2 5
9 5 5
7 6 5
7 6 5
7 4 5
6 5 5
7 3 5
8 7 5
9 5 5
7 1 5
7 3 5
9 1 5
9 6 4
6 8 4
9 0 4
6 5 4
9 8 4
9 5 4
6 3 4
10 6 4
10 8 4
10 0 4
6 0 4
8 1 4
9 1 4
7 2 4
6 4 4
7 4 4
8 5 4
8 2 4
10 6 4
10 4 4
10 4 4
7 4 3
8 3 3
6 0 3
7 2 3
9 7 3
8 3 3
6 1 3
8 6 3
9 6 3
8 0 3
7 4 3
8 4 3
10 3 3
6 4 3
8 6 3
6 3 3
8 4 3
10 0 3
8 4 3
6 0 3
9 6 3
10 3 3
10 2 2
6 3 2
6 5 2
9 0 2
7 7 2
7 8 2
8 2 2
6 6 2
10 5 2
9 6 2
10 2 2
9 1 2
7 2 2
6 5 2
9 4 2
10 2 2
7 1 2
8 2 2
8 2 2
7 7 2
9 8 2
9 3 2
10 4 2
8 8 1
9 6 1
10 4 1
10 2 1
7 0 1
9 0 1
9 5 1
8 8 1
10 4 1
8 4 1
8 4 1
6 3 1
6 0 1
8 7 1
9 2 1
9 2 1
10 6 1
9 1 1
8 6 1
6 8 1
10 5 1
10 5 1
7 5 1
8 4 1
8 3 1
