80 1
30 
6 7 5
6 1 5
9 2 5
7 0 5
8 6 5
9 4 5
9 2 5
7 5 5
6 0 5
7 8 5
7 2 5
7 5 5
6 7 5
9 2 5
7 4 5
8 4 4
10 6 4
7 5 4
9 0 4
10 1 4
8 7 4
9 4 4
8 7 4
10 5 4
8 1 4
6 1 4
10 6 4
6 3 4
6 3 4
9 2 4
9 6 4
9 3 4
8 6 4
10 4 3
8 6 3
9 4 3
7 2 3
10 4 3
10 0 3
8 5 3
6 7 3
6 8 3
7 5 3
9 4 3
9 4 2
7 4 2
7 2 2
7 6 2
10 0 2
7 2 2
10 0 2
6 0 2
10 5 2
10 4 2
6 5 2
8 0 2
6 0 2
9 6 2
9 3 2
7 2 2
8 7 2
7 2 2
6 6 2
7 4 1
10 6 1
9 5 1
9 2 1
6 3 1
7 6 1
9 8 1
7 0 1
9 1 1
10 7 1
9 0 1
9 0 1
6 8 1
9 8 1
10 4 1
10 0 1
6 4 1
