110 1
30 
6 3 5
7 0 5
6 0 5
8 5 5
6 7 5
8 4 5
8 3 5
10 1 5
8 3 5
10 6 5
7 8 5
6 0 5
10 7 5
6 2 5
6 0 5
7 6 5
10 3 5
9 4 5
9 3 5
9 2 5
8 1 5
8 0 5
7 5 4
9 3 4
7 0 4
7 1 4
7 8 4
7 0 4
8 0 4
8 3 4
7 2 4
6 2 4
9 0 4
6 4 4
8 8 4
7 3 4
7 4 4
8 7 4
6 3 4
7 4 4
10 0 4
9 3 4
6 1 4
10 6 4
10 7 4
10 6 4
7 2 4
9 7 4
7 6 4
10 7 4
8 8 3
8 8 3
8 3 3
7 4 3
7 7 3
9 8 3
8 3 3
9 6 3
6 8 3
7 5 3
9 3 3
9 0 3
9 6 3
9 0 3
6 2 3
9 1 3
8 5 3
9 7 3
10 5 3
7 0 3
8 3 3
8 3 3
7 2 3
9 3 3
9 6 2
10 4 2
7 5 2
6 6 2
8 5 2
8 7 2
7 8 2
7 3 2
8 5 2
6 2 2
9 0 2
6 6 2
7 1 2
10 7 2
7 1 2
8 3 2
7 5 2
9 1 2
9 1 1
9 8 1
10 5 1
9 3 1
9 2 1
6 2 1
10 6 1
10 6 1
8 8 1
6 3 1
6 8 1
10 3 1
8 8 1
10 7 1
8 6 1
6 4 1
10 7 1
7 8 1
