100 1
30 
8 2 5
7 4 5
7 6 5
10 6 5
8 3 5
9 3 5
8 1 5
9 5 5
8 7 5
10 0 5
7 1 5
10 4 5
6 4 5
9 4 5
7 5 5
9 7 5
9 1 5
10 0 5
6 4 4
9 4 4
9 2 4
8 5 4
9 7 4
10 4 4
9 1 4
10 8 4
6 6 4
8 6 4
6 8 4
8 5 4
10 8 4
9 3 4
10 6 4
7 4 4
7 2 4
10 6 4
7 7 4
7 7 4
7 0 4
8 2 3
9 5 3
10 3 3
7 5 3
7 4 3
8 3 3
9 2 3
8 7 3
10 2 3
7 3 3
8 4 3
8 0 3
6 4 3
7 6 3
7 1 3
10 7 3
6 6 3
8 1 3
7 3 3
9 7 3
7 1 3
6 1 3
9 5 3
6 0 3
10 3 2
7 1 2
10 1 2
6 0 2
6 6 2
6 8 2
6 1 2
10 3 2
8 3 2
8 5 2
8 1 2
8 7 2
10 1 2
10 8 2
7 3 2
9 4 2
9 1 1
9 3 1
9 6 1
9 3 1
7 7 1
9 2 1
7 0 1
10 2 1
10 6 1
8 6 1
7 4 1
6 6 1
7 8 1
6 8 1
8 8 1
10 7 1
9 6 1
6 3 1
7 0 1
9 2 1
6 8 1
