120 1
30 
7 0 5
7 1 5
10 2 5
8 1 5
8 7 5
8 6 5
8 3 5
10 6 5
7 8 5
8 0 5
7 5 5
8 6 5
8 5 5
9 7 5
8 2 5
8 2 5
10 7 5
10 7 5
9 8 5
10 5 5
6 1 5
10 2 5
7 8 5
8 4 5
7 3 5
10 6 5
6 2 5
7 0 5
10 1 5
6 5 5
9 1 4
7 8 4
9 7 4
8 3 4
9 0 4
6 3 4
8 7 4
9 6 4
7 8 4
8 3 4
6 2 4
7 4 4
7 8 4
6 1 4
9 5 4
10 1 4
8 8 4
7 7 3
9 6 3
7 4 3
9 2 3
9 5 3
8 2 3
6 7 3
7 6 3
8 8 3
7 6 3
9 1 3
10 5 3
8 2 3
7 5 3
8 2 3
7 5 3
8 0 3
7 7 3
7 4 3
8 5 3
6 0 3
6 1 2
6 8 2
7 3 2
10 5 2
8 2 2
8 5 2
10 1 2
7 7 2
10 5 2
6 1 2
7 8 2
6 5 2
6 7 2
7 3 2
9 6 2
10 4 2
7 6 2
6 2 2
6 2 2
6 3 2
7 1 2
7 1 2
9 4 2
7 1 1
9 7 1
9 1 1
8 3 1
7 1 1
8 0 1
10 6 1
8 4 1
10 5 1
7 8 1
7 8 1
6 5 1
6 6 1
8 2 1
7 0 1
9 8 1
8 0 1
7 6 1
7 8 1
8 4 1
6 6 1
8 5 1
6 4 1
6 6 1
8 0 1
10 7 1
10 1 1
6 4 1
6 7 1
