100 1
30 
10 1 5
7 0 5
6 8 5
6 8 5
7 5 5
6 7 5
8 0 5
8 4 5
8 0 5
6 6 5
8 5 5
9 0 5
7 3 5
6 4 5
6 0 5
7 7 5
7 5 5
6 6 5
10 8 5
10 8 5
10 5 5
7 4 5
9 2 5
6 6 5
8 0 4
8 3 4
8 6 4
6 3 4
9 2 4
6 6 4
9 3 4
8 0 4
8 5 4
7 1 4
10 3 4
9 2 4
6 1 4
8 1 4
9 7 4
7 5 4
7 3 4
8 5 4
9 8 4
10 1 3
6 8 3
10 3 3
10 5 3
10 7 3
10 4 3
8 7 3
9 2 3
7 1 3
8 8 3
8 2 3
9 2 3
10 0 3
7 1 3
7 3 3
10 4 3
6 7 3
8 1 3
8 7 3
7 2 3
8 2 3
9 5 2
6 0 2
9 4 2
7 6 2
9 2 2
8 5 2
9 0 2
10 2 2
9 0 2
9 8 2
8 4 2
8 0 2
8 4 2
9 7 1
8 5 1
6 6 1
8 4 1
7 6 1
8 8 1
8 3 1
8 6 1
10 8 1
8 8 1
8 4 1
10 2 1
9 4 1
9 2 1
9 1 1
9 8 1
9 5 1
8 3 1
6 6 1
10 4 1
8 1 1
10 5 1
6 2 1
