80 1
30 
9 8 5
8 7 5
8 5 5
10 4 5
9 6 5
7 4 5
8 5 5
9 7 5
9 2 5
7 1 5
6 2 5
8 1 5
9 6 5
8 4 5
9 0 5
7 3 5
10 7 5
10 6 5
9 6 5
9 4 5
8 2 5
9 7 5
8 8 5
9 1 5
9 4 4
7 3 4
7 1 4
8 4 4
6 0 4
10 7 4
10 7 4
6 2 4
6 8 4
10 6 4
9 2 4
9 7 4
9 4 4
10 0 4
9 3 4
10 5 4
6 2 4
8 5 3
7 3 3
10 1 3
9 0 3
9 2 3
7 2 3
6 4 3
9 8 3
6 1 3
9 8 3
10 6 3
8 7 3
7 3 3
9 8 3
7 6 3
6 2 3
8 1 2
6 2 2
9 6 2
7 7 2
7 8 2
10 0 2
6 7 2
9 5 2
7 5 2
6 8 2
8 0 1
9 2 1
7 0 1
6 7 1
10 2 1
9 0 1
10 8 1
8 4 1
10 0 1
9 2 1
6 7 1
8 0 1
10 0 1
