80 1
30 
7 6 5
8 8 5
6 8 5
10 4 5
9 6 5
8 4 5
10 8 5
8 7 5
7 5 5
9 7 5
8 1 5
8 3 5
9 6 5
7 5 5
6 1 4
10 0 4
6 1 4
9 8 4
9 1 4
9 5 4
8 8 4
7 6 4
10 5 4
10 1 4
9 2 3
6 1 3
7 3 3
7 5 3
9 3 3
8 1 3
9 2 3
6 5 3
8 4 3
9 4 3
8 2 3
7 3 3
10 4 3
9 2 3
9 8 3
9 5 3
9 1 3
6 8 3
7 2 3
10 7 3
7 3 2
9 0 2
9 5 2
7 8 2
9 4 2
6 0 2
10 4 2
7 4 2
7 7 2
9 7 2
8 4 2
8 4 2
10 4 2
8 1 2
10 1 2
6 5 2
9 4 2
7 6 2
6 3 2
10 2 2
10 4 2
9 3 1
10 2 1
9 7 1
8 4 1
7 4 1
6 3 1
8 4 1
10 7 1
10 1 1
7 6 1
6 2 1
7 8 1
9 7 1
10 7 1
7 6 1
