120 1
30 
10 7 5
7 5 5
9 1 5
10 0 5
7 5 5
9 4 5
6 7 5
7 1 5
6 1 5
7 2 5
6 2 5
9 4 5
6 3 5
9 8 5
7 6 5
6 4 5
9 4 5
6 3 5
7 6 5
7 6 5
10 7 5
9 6 5
10 3 5
8 2 4
7 6 4
6 8 4
7 7 4
9 8 4
8 0 4
7 4 4
10 8 4
8 5 4
7 7 4
6 0 4
9 2 4
9 4 4
6 1 4
10 6 4
8 3 4
9 3 4
7 5 4
10 2 4
10 4 4
7 3 4
9 3 4
7 7 4
9 4 4
7 1 4
10 4 4
6 0 4
9 4 4
8 6 3
9 0 3
6 6 3
8 4 3
10 2 3
7 5 3
9 5 3
6 1 3
8 4 3
6 6 3
7 4 3
6 8 3
6 5 3
7 1 3
8 2 3
8 1 3
9 2 3
9 5 3
6 7 3
7 2 3
7 4 3
10 4 2
10 2 2
7 5 2
7 8 2
9 0 2
6 2 2
7 5 2
10 8 2
7 1 2
8 4 2
7 1 2
9 3 2
6 1 2
10 3 2
10 7 2
10 3 2
7 7 2
9 0 2
6 2 2
9 7 2
7 5 2
9 8 2
9 1 2
8 4 2
8 3 1
9 6 1
9 5 1
7 5 1
9 2 1
8 4 1
7 1 1
9 0 1
6 8 1
10 0 1
6 6 1
8 8 1
8 0 1
8 7 1
10 7 1
6 8 1
9 1 1
8 5 1
6 5 1
8 1 1
6 1 1
8 5 1
8 4 1
10 2 1
