90 1
30 
9 0 5
9 7 5
7 3 5
6 2 5
6 5 5
9 8 5
7 3 5
8 6 5
10 1 5
8 8 5
7 7 5
8 4 5
8 1 5
7 4 5
7 5 5
7 4 5
7 7 5
10 4 5
6 3 4
7 6 4
10 7 4
8 2 4
8 5 4
9 6 4
9 2 4
6 3 4
10 0 4
10 6 4
6 2 4
9 1 4
9 3 4
9 2 4
7 2 3
7 5 3
7 6 3
9 4 3
7 2 3
9 8 3
6 7 3
7 5 3
9 1 3
10 5 3
8 7 3
10 4 3
8 1 3
7 4 3
6 0 3
9 3 3
8 6 3
8 3 3
6 7 3
6 5 3
10 8 3
10 6 3
9 3 3
10 6 2
7 5 2
7 7 2
8 8 2
6 3 2
10 8 2
6 3 2
9 1 2
10 6 2
6 8 2
7 0 2
7 5 2
10 5 2
7 6 2
10 2 1
9 7 1
8 1 1
10 2 1
9 3 1
6 2 1
7 0 1
6 3 1
10 8 1
7 0 1
10 5 1
8 7 1
10 2 1
8 4 1
9 0 1
6 3 1
7 8 1
7 8 1
8 8 1
10 7 1
10 5 1
