130 1
30 
8 6 5
7 8 5
10 0 5
10 5 5
10 3 5
8 7 5
10 7 5
8 3 5
7 6 5
8 5 5
7 7 5
7 5 5
10 3 5
7 8 5
9 8 5
8 7 5
7 3 5
8 4 5
9 2 5
6 6 5
6 0 5
9 1 5
10 2 5
10 2 4
10 4 4
10 0 4
9 7 4
6 5 4
6 2 4
7 0 4
9 3 4
9 3 4
8 8 4
7 5 4
9 6 4
8 5 4
7 2 4
6 5 4
8 8 4
8 2 4
6 4 4
7 8 4
8 5 4
8 0 4
9 2 4
8 1 4
7 5 4
6 8 3
7 2 3
9 1 3
9 7 3
9 1 3
10 6 3
6 4 3
9 4 3
7 4 3
9 2 3
8 6 3
6 1 3
6 3 3
6 3 3
8 5 3
8 0 3
8 8 3
8 2 3
6 3 3
6 6 3
10 5 3
7 6 3
6 7 3
8 2 3
7 4 3
6 2 3
7 4 3
10 5 2
10 8 2
8 2 2
10 8 2
6 8 2
7 2 2
9 4 2
9 2 2
10 7 2
10 7 2
6 3 2
6 3 2
9 4 2
7 0 2
7 2 2
9 1 2
8 3 2
7 8 2
9 7 2
7 2 2
9 2 2
8 1 2
10 0 2
6 0 2
7 0 2
7 8 2
9 4 1
10 1 1
6 3 1
6 0 1
9 6 1
7 4 1
8 3 1
6 7 1
8 0 1
7 1 1
9 8 1
10 7 1
9 8 1
10 8 1
6 4 1
6 1 1
7 3 1
6 7 1
10 2 1
6 4 1
10 2 1
6 2 1
7 4 1
10 3 1
10 2 1
8 2 1
8 2 1
7 3 1
7 7 1
9 8 1
