120 1
30 
10 5 5
10 7 5
6 1 5
8 8 5
7 3 5
6 5 5
10 7 5
6 0 5
6 1 5
9 4 5
7 3 5
7 3 5
7 7 5
8 3 5
7 1 5
8 0 5
8 0 5
8 0 4
6 2 4
8 8 4
7 2 4
7 5 4
10 6 4
7 6 4
10 7 4
10 5 4
10 0 4
6 0 4
8 8 4
6 6 4
6 7 4
10 3 4
8 0 4
6 1 4
10 0 3
6 4 3
10 1 3
7 2 3
9 6 3
7 7 3
8 6 3
6 6 3
7 4 3
8 2 3
8 3 3
10 1 3
7 7 3
10 2 3
8 2 3
7 5 3
10 7 3
9 5 3
9 8 3
6 8 3
8 0 3
9 5 3
8 8 3
10 7 3
9 0 3
9 2 3
7 1 3
6 3 3
8 7 3
8 0 3
7 8 3
9 7 3
8 1 3
6 1 2
8 2 2
8 5 2
8 6 2
7 6 2
10 2 2
7 8 2
6 4 2
8 3 2
9 2 2
8 0 2
10 2 2
10 5 2
8 0 2
8 4 2
10 6 2
9 3 2
8 5 2
9 4 2
7 5 2
7 0 2
10 4 2
7 1 2
8 8 2
8 5 2
10 1 2
8 0 2
6 3 1
9 1 1
6 2 1
9 4 1
8 4 1
6 5 1
8 7 1
10 6 1
8 8 1
8 3 1
6 5 1
9 8 1
8 4 1
9 7 1
6 3 1
10 3 1
8 5 1
9 2 1
8 7 1
8 5 1
6 0 1
8 3 1
8 1 1
10 2 1
7 1 1
7 0 1
