90 1
30 
6 8 5
6 7 5
7 2 5
9 0 5
6 5 5
9 1 5
9 7 5
8 1 5
10 2 5
8 2 5
7 4 5
9 7 5
6 3 5
10 1 5
10 1 5
7 4 4
10 8 4
6 8 4
6 8 4
8 0 4
6 2 4
7 8 4
7 0 4
7 0 4
8 4 4
7 5 4
9 5 4
6 1 4
7 7 4
10 6 4
8 3 4
8 7 3
7 3 3
7 5 3
7 6 3
7 6 3
7 4 3
9 4 3
6 6 3
9 8 3
8 8 3
7 7 3
6 4 3
6 4 3
10 8 3
6 4 3
8 8 3
9 1 3
8 7 3
9 6 3
7 1 3
8 0 3
7 3 3
6 1 3
8 8 3
9 4 2
8 8 2
10 4 2
9 4 2
9 2 2
10 7 2
9 4 2
6 3 2
6 2 2
6 2 2
10 3 2
9 6 2
8 2 2
7 3 2
10 7 1
6 0 1
8 5 1
6 6 1
9 2 1
9 1 1
7 6 1
8 7 1
8 5 1
6 8 1
9 8 1
8 6 1
9 4 1
7 3 1
10 8 1
10 1 1
6 3 1
6 5 1
7 0 1
10 0 1
10 0 1
