100 1
30 
8 0 5
6 2 5
6 2 5
8 2 5
9 6 5
7 1 5
10 4 5
6 3 5
8 5 5
10 2 5
9 4 5
10 6 5
7 8 4
9 4 4
10 7 4
7 5 4
8 8 4
9 4 4
9 4 4
8 3 4
6 0 4
9 5 4
9 1 4
8 3 4
7 0 4
10 5 4
6 2 4
7 5 4
6 3 4
8 5 4
8 6 4
9 6 3
10 0 3
9 8 3
8 1 3
6 3 3
8 3 3
9 2 3
9 3 3
9 6 3
6 1 3
8 2 3
9 1 3
8 3 3
9 6 3
10 8 3
10 1 3
10 6 3
9 6 3
9 4 2
6 8 2
9 0 2
10 3 2
7 8 2
10 8 2
8 3 2
10 5 2
6 6 2
6 7 2
8 1 2
8 5 2
10 7 2
7 5 2
7 7 2
9 8 2
9 3 2
7 8 2
6 5 2
6 6 2
8 8 2
9 0 2
6 1 2
10 1 2
6 5 2
6 0 2
9 7 2
6 0 2
6 8 1
10 1 1
9 7 1
6 4 1
9 8 1
9 1 1
7 1 1
7 1 1
8 2 1
10 4 1
8 3 1
9 6 1
6 4 1
10 2 1
7 6 1
7 1 1
7 4 1
10 1 1
10 1 1
6 7 1
6 1 1
6 2 1
6 3 1
