90 1
30 
9 3 5
10 8 5
8 0 5
10 5 5
6 6 5
8 6 5
10 7 5
6 2 5
6 3 5
8 8 5
9 8 5
7 7 5
10 8 5
8 5 5
6 4 5
7 3 5
10 6 5
10 0 5
10 8 5
9 6 5
9 1 5
8 6 5
7 1 4
8 5 4
8 3 4
7 6 4
9 6 4
6 2 4
6 7 4
9 6 4
7 5 4
9 7 4
8 6 4
7 4 4
6 3 4
10 3 4
7 8 3
7 6 3
7 7 3
10 1 3
8 4 3
9 8 3
10 8 3
7 1 3
10 2 3
8 0 3
7 7 3
8 7 3
9 2 3
8 8 3
8 3 3
10 7 3
6 1 3
7 6 3
7 1 2
6 6 2
8 1 2
10 6 2
10 5 2
8 0 2
10 0 2
10 0 2
10 8 2
9 1 2
10 7 2
7 5 2
8 1 2
9 5 2
7 3 1
9 1 1
6 7 1
7 5 1
7 4 1
10 5 1
9 1 1
6 6 1
8 0 1
10 8 1
8 4 1
7 4 1
9 5 1
6 5 1
7 2 1
7 4 1
6 1 1
8 4 1
7 0 1
6 4 1
9 8 1
9 3 1
