110 1
30 
8 1 5
8 4 5
9 7 5
8 1 5
8 8 5
8 8 5
8 1 5
6 0 5
10 2 5
8 1 5
6 6 5
10 8 5
9 1 5
8 3 5
10 0 5
7 2 5
10 2 5
8 5 5
8 5 5
7 3 5
6 1 5
9 4 5
6 3 5
10 3 5
8 1 5
7 4 5
9 8 5
9 6 4
10 6 4
7 3 4
8 1 4
6 2 4
6 3 4
9 6 4
8 6 4
9 4 4
7 4 4
9 6 4
7 7 4
10 6 4
10 4 3
7 3 3
6 5 3
7 2 3
7 3 3
7 5 3
9 1 3
6 4 3
9 7 3
8 0 3
9 0 3
9 6 3
9 4 3
7 4 3
10 1 3
6 3 3
6 3 3
8 2 3
10 8 3
7 1 3
8 5 2
10 3 2
10 5 2
10 4 2
7 0 2
8 5 2
9 0 2
10 0 2
7 4 2
7 3 2
8 6 2
6 1 2
7 0 2
9 8 2
7 5 2
9 7 2
10 0 2
7 5 2
9 3 2
7 6 2
6 8 2
7 0 1
6 0 1
6 5 1
10 5 1
9 2 1
6 3 1
7 1 1
9 4 1
8 0 1
9 4 1
6 3 1
8 8 1
7 1 1
6 3 1
9 6 1
6 6 1
9 8 1
8 7 1
8 6 1
9 0 1
9 2 1
9 7 1
7 6 1
8 0 1
8 3 1
7 0 1
10 4 1
9 8 1
10 1 1
