100 1
30 
7 6 5
6 8 5
9 1 5
10 5 5
8 6 5
7 5 5
10 1 5
10 2 5
6 0 5
9 4 5
7 8 5
9 4 5
8 5 5
10 8 5
9 3 5
10 0 5
8 7 5
10 5 5
10 8 5
9 2 5
9 8 4
7 8 4
8 0 4
6 5 4
9 0 4
7 3 4
10 6 4
7 7 4
9 8 4
9 3 4
6 1 4
8 1 4
8 1 4
10 1 4
7 8 4
7 5 4
10 8 4
8 4 4
6 0 4
8 7 3
10 5 3
8 3 3
10 5 3
6 1 3
10 7 3
7 4 3
6 7 3
8 4 3
7 6 3
10 7 3
9 6 3
7 4 3
9 5 3
9 4 3
10 0 3
9 2 3
7 1 3
9 1 3
7 0 3
9 8 3
10 6 3
6 5 3
6 7 3
10 4 3
6 2 3
7 3 2
8 0 2
8 0 2
9 1 2
6 3 2
9 8 2
10 2 2
6 3 2
7 8 2
10 7 2
6 1 2
10 2 2
9 7 2
9 1 2
6 8 2
9 6 2
9 0 2
9 4 2
6 5 2
6 6 1
7 6 1
6 0 1
8 1 1
7 5 1
9 0 1
8 2 1
8 1 1
6 6 1
10 7 1
10 0 1
7 5 1
9 3 1
9 3 1
7 2 1
7 0 1
