90 1
30 
7 8 5
6 2 5
10 6 5
9 2 5
9 3 5
8 2 5
7 4 5
9 5 5
6 3 5
7 2 5
10 7 5
10 0 5
6 8 5
10 7 5
10 7 5
8 8 5
10 7 5
9 4 5
6 7 5
10 1 5
10 1 4
10 1 4
8 3 4
8 7 4
9 0 4
8 7 4
6 2 4
8 7 4
9 7 4
6 5 4
10 0 4
8 5 4
10 2 4
7 3 4
6 0 4
7 6 4
8 1 4
9 0 4
7 2 4
10 8 4
9 0 3
9 2 3
9 8 3
9 1 3
8 6 3
9 3 3
10 7 3
6 4 3
8 6 3
10 1 3
7 2 3
6 3 3
8 2 3
7 4 3
7 0 3
7 2 3
8 4 2
9 7 2
6 3 2
6 3 2
6 1 2
7 8 2
9 7 2
8 0 2
7 2 2
9 6 2
10 1 2
10 5 2
9 7 2
7 3 2
8 8 1
9 8 1
9 8 1
10 5 1
10 3 1
8 0 1
7 7 1
9 7 1
10 8 1
9 4 1
6 7 1
9 4 1
9 6 1
6 2 1
10 8 1
7 5 1
10 7 1
10 5 1
8 4 1
10 8 1
