80 1
30 
7 6 5
9 0 5
7 5 5
10 5 5
10 0 5
10 1 5
10 2 5
10 1 5
8 8 5
8 3 5
10 4 5
10 1 5
9 8 5
9 5 5
7 8 5
6 3 5
6 5 5
10 2 5
10 6 5
10 7 4
9 0 4
6 8 4
10 7 4
10 4 4
8 2 4
10 0 4
7 8 4
9 3 4
7 4 4
8 7 4
8 7 4
7 3 4
6 1 4
9 0 4
10 6 4
7 0 3
8 6 3
9 0 3
6 7 3
10 6 3
7 4 3
6 4 3
9 6 3
9 8 3
10 0 3
6 3 3
7 1 3
10 5 3
6 7 2
6 1 2
7 5 2
10 6 2
6 3 2
10 1 2
8 1 2
9 1 2
10 7 2
8 4 2
6 8 2
7 6 2
9 1 2
9 0 2
8 6 1
6 5 1
8 0 1
6 2 1
7 1 1
6 2 1
8 8 1
7 1 1
7 2 1
9 4 1
6 8 1
6 2 1
9 8 1
6 0 1
8 4 1
10 5 1
6 6 1
8 7 1
