90 1
30 
9 7 5
10 2 5
8 0 5
8 3 5
7 1 5
7 7 5
7 8 5
7 6 5
8 4 5
9 5 5
10 4 5
8 8 5
10 8 5
10 6 5
10 6 5
8 6 4
8 5 4
6 8 4
9 6 4
6 7 4
10 4 4
7 2 4
9 0 4
8 7 4
8 3 4
6 3 4
8 5 4
10 0 4
9 0 4
6 8 4
6 3 4
8 0 4
10 6 4
8 0 4
7 3 4
8 8 4
7 8 3
10 3 3
9 5 3
9 7 3
8 2 3
7 0 3
10 4 3
9 8 3
8 8 3
10 4 3
7 5 3
9 5 3
6 2 3
10 4 3
6 6 3
9 2 3
10 1 3
6 4 3
8 0 2
8 7 2
10 0 2
8 5 2
6 1 2
8 2 2
9 2 2
8 2 2
10 4 2
7 8 2
8 6 2
6 7 2
6 8 2
9 6 2
10 1 2
10 8 2
6 1 1
8 4 1
10 8 1
8 2 1
8 1 1
10 6 1
9 7 1
8 0 1
9 0 1
6 5 1
10 5 1
10 7 1
6 7 1
8 8 1
8 3 1
8 6 1
6 3 1
6 1 1
8 5 1
7 0 1
