80 1
30 
6 4 5
8 0 5
8 5 5
6 1 5
8 2 5
9 4 5
6 0 5
8 5 5
8 1 5
10 7 5
7 4 5
6 6 5
7 4 5
9 7 5
10 3 4
9 7 4
7 0 4
6 4 4
8 5 4
10 7 4
8 6 4
9 2 4
6 7 4
6 0 4
10 5 4
9 3 4
9 0 4
8 8 4
7 8 4
6 6 4
7 2 3
6 4 3
10 6 3
8 6 3
6 3 3
6 6 3
9 4 3
9 8 3
8 0 3
8 3 3
9 8 3
6 8 3
6 1 3
10 4 3
7 4 3
7 7 3
10 0 3
7 0 3
6 3 3
10 2 3
6 7 3
10 6 3
9 5 3
6 6 3
8 7 3
8 5 2
8 6 2
7 8 2
10 8 2
6 6 2
8 1 2
9 8 2
10 1 2
8 3 2
7 0 2
7 5 2
6 2 2
7 2 1
9 1 1
9 3 1
10 4 1
8 0 1
6 0 1
6 3 1
9 0 1
10 8 1
6 6 1
8 1 1
10 4 1
8 5 1
