80 1
30 
6 4 5
8 0 5
10 4 5
8 8 5
7 0 5
8 7 5
8 1 5
7 7 5
10 4 5
6 3 5
10 6 5
8 7 5
9 6 5
6 7 5
7 7 5
10 6 5
9 2 5
10 4 4
8 6 4
10 6 4
10 7 4
8 6 4
8 8 4
10 7 4
9 0 4
6 3 4
10 4 4
9 0 4
10 3 4
9 3 3
10 3 3
10 8 3
7 3 3
7 3 3
8 3 3
7 4 3
8 2 3
6 8 3
7 2 3
6 1 3
9 5 3
10 5 2
9 1 2
6 1 2
7 4 2
6 4 2
10 0 2
9 6 2
6 5 2
9 1 2
6 6 2
7 1 2
7 7 2
9 2 2
7 4 2
6 8 2
9 2 2
7 5 2
9 5 2
10 4 2
7 0 2
6 1 2
8 1 2
9 4 2
9 1 2
8 2 2
6 5 1
10 0 1
9 8 1
7 2 1
6 7 1
6 7 1
6 3 1
6 0 1
8 7 1
6 8 1
7 6 1
9 6 1
8 2 1
10 2 1
