120 1
30 
6 4 5
7 8 5
10 6 5
7 3 5
10 6 5
7 6 5
8 0 5
7 0 5
6 8 5
6 8 5
9 5 5
6 7 5
7 4 5
10 1 5
8 7 5
6 3 5
10 8 5
10 5 5
6 0 5
6 2 5
8 5 5
6 8 4
7 6 4
10 3 4
6 2 4
6 0 4
7 0 4
9 6 4
9 2 4
8 5 4
7 4 4
6 3 4
7 8 4
10 8 4
7 8 4
7 1 4
10 4 4
8 0 4
7 3 4
6 6 4
10 7 4
10 2 4
9 5 4
10 7 4
7 1 4
9 2 4
9 3 4
6 3 4
10 5 4
6 1 4
6 6 3
6 2 3
7 1 3
7 8 3
10 3 3
6 4 3
6 6 3
6 0 3
9 7 3
10 3 3
10 0 3
7 2 3
9 7 3
10 0 3
7 6 3
8 5 3
10 0 3
7 0 3
7 6 3
8 5 2
10 8 2
6 8 2
9 1 2
10 7 2
6 4 2
6 6 2
10 5 2
7 8 2
9 7 2
9 2 2
7 6 2
7 1 2
8 2 2
10 2 2
6 6 2
9 5 2
6 3 2
6 8 2
8 1 2
7 0 2
9 2 2
6 2 2
6 1 2
6 4 2
6 5 2
6 1 1
8 6 1
10 5 1
6 3 1
9 3 1
7 1 1
10 6 1
10 0 1
8 0 1
7 3 1
10 1 1
10 2 1
10 1 1
8 8 1
9 1 1
6 3 1
10 6 1
9 0 1
6 3 1
8 2 1
7 1 1
6 6 1
8 7 1
6 5 1
9 8 1
