90 1
30 
8 3 5
9 8 5
10 4 5
7 6 5
9 1 5
10 4 5
7 8 5
9 3 5
7 5 5
6 5 5
8 1 5
8 1 5
9 7 5
10 1 5
8 4 4
10 4 4
8 8 4
9 3 4
6 7 4
8 7 4
7 3 4
10 8 4
6 7 4
6 2 4
7 5 4
8 2 4
6 4 4
10 6 4
8 2 4
7 2 4
7 6 4
6 8 4
6 8 4
7 1 4
6 7 4
8 3 4
10 5 4
8 5 3
6 1 3
10 0 3
10 7 3
9 3 3
6 4 3
7 5 3
10 1 3
9 5 3
8 0 3
7 8 3
9 0 3
8 4 3
7 6 3
9 2 3
8 6 3
10 7 3
10 7 3
6 8 3
10 2 3
9 4 3
6 6 3
9 4 3
9 8 2
7 0 2
7 6 2
9 6 2
6 6 2
7 5 2
7 0 2
8 0 2
7 8 2
9 2 2
7 7 2
8 1 2
6 1 2
6 4 2
7 1 2
10 4 2
6 6 2
8 2 2
10 4 2
9 3 1
8 8 1
9 8 1
6 3 1
8 1 1
7 1 1
9 7 1
7 8 1
8 2 1
10 2 1
10 6 1
