90 1
30 
9 4 5
8 7 5
6 7 5
6 1 5
8 8 5
10 8 5
7 6 5
9 2 5
10 0 5
7 5 5
10 6 5
9 0 5
9 7 5
9 5 5
6 2 4
7 4 4
7 8 4
7 8 4
10 1 4
10 6 4
10 6 4
9 6 4
9 8 4
7 4 4
6 7 4
6 1 4
8 8 4
8 5 4
6 8 4
8 0 4
8 2 4
7 3 3
9 8 3
7 3 3
10 4 3
6 3 3
10 3 3
8 1 3
6 3 3
6 4 3
7 4 3
6 7 3
9 0 3
9 1 3
8 4 3
8 8 3
6 5 3
6 0 3
7 4 3
10 5 3
8 3 3
7 6 3
10 4 3
7 6 3
7 6 3
8 2 3
10 4 3
8 5 3
9 5 2
10 7 2
9 7 2
7 0 2
9 2 2
7 5 2
8 4 2
8 2 2
7 7 2
9 3 2
6 3 2
7 2 2
9 7 2
7 4 2
10 4 2
8 0 2
10 7 2
8 8 2
6 6 1
8 0 1
9 4 1
8 2 1
10 3 1
8 4 1
9 7 1
7 1 1
9 4 1
6 6 1
6 3 1
7 8 1
6 1 1
9 8 1
