100 1
30 
9 7 5
6 2 5
8 1 5
8 5 5
8 1 5
6 0 5
8 0 5
9 3 5
8 7 5
7 5 5
7 8 5
6 0 5
8 0 5
9 0 5
6 5 5
8 2 5
7 8 4
8 8 4
9 4 4
6 4 4
10 2 4
7 8 4
6 5 4
9 6 4
6 2 4
8 0 4
6 6 4
7 1 4
10 1 4
8 3 4
7 4 4
7 7 4
7 0 4
9 0 4
6 3 4
6 5 4
9 8 3
10 1 3
6 3 3
7 8 3
6 2 3
7 5 3
10 2 3
7 8 3
9 0 3
9 6 3
7 3 3
9 8 3
10 8 3
7 4 3
9 4 3
7 0 3
7 6 3
6 1 3
7 5 3
9 0 3
8 7 2
8 8 2
10 6 2
6 4 2
6 4 2
9 7 2
7 4 2
8 3 2
10 7 2
8 0 2
10 1 2
8 7 2
10 0 2
10 0 2
7 0 2
6 0 2
8 3 2
10 6 2
8 5 2
6 2 1
10 4 1
10 8 1
7 8 1
6 6 1
8 3 1
10 2 1
7 8 1
8 2 1
8 4 1
7 8 1
6 4 1
8 1 1
9 4 1
10 0 1
8 7 1
8 6 1
9 4 1
9 8 1
7 5 1
10 8 1
6 8 1
6 7 1
8 7 1
6 6 1
