100 1
30 
7 3 5
9 1 5
7 1 5
6 5 5
8 6 5
10 8 5
7 1 5
10 7 5
9 2 5
8 4 5
7 7 5
6 5 5
6 8 5
8 8 5
10 7 4
6 4 4
7 5 4
9 1 4
6 8 4
7 7 4
10 1 4
7 0 4
8 0 4
8 8 4
9 4 4
7 5 4
8 1 4
8 6 4
8 8 4
8 1 4
9 4 3
7 3 3
9 7 3
8 0 3
8 5 3
9 1 3
7 2 3
10 5 3
6 5 3
10 0 3
6 7 3
10 5 3
10 6 3
6 5 3
6 5 3
7 5 3
7 5 3
7 3 3
9 5 3
7 5 3
6 4 3
10 4 3
10 1 2
9 4 2
8 0 2
10 1 2
6 5 2
9 5 2
7 0 2
10 5 2
6 1 2
10 3 2
9 0 2
8 5 2
10 2 2
7 6 2
7 4 2
10 4 2
9 7 2
10 1 2
9 3 2
8 1 2
7 2 2
6 2 2
10 7 2
6 2 2
9 6 2
9 0 2
7 3 1
6 8 1
9 6 1
10 5 1
6 1 1
7 6 1
9 4 1
6 1 1
8 6 1
6 4 1
8 4 1
7 5 1
8 3 1
6 5 1
10 4 1
6 6 1
10 8 1
8 1 1
6 7 1
6 8 1
7 7 1
6 0 1
