90 1
30 
9 0 5
6 7 5
7 2 5
9 3 5
7 2 5
6 8 5
10 4 5
9 3 5
7 0 5
7 5 5
7 8 5
6 7 5
10 8 5
10 5 5
6 4 4
8 4 4
9 1 4
10 6 4
7 3 4
9 2 4
8 4 4
8 0 4
10 8 4
10 1 4
6 2 4
6 6 4
7 7 4
8 6 4
8 1 4
10 4 4
9 4 4
10 0 4
8 7 4
7 6 4
6 7 4
10 8 4
7 4 3
7 0 3
8 2 3
10 3 3
6 2 3
6 5 3
6 2 3
10 6 3
10 0 3
10 1 3
9 2 3
10 1 3
9 8 2
10 8 2
7 4 2
6 3 2
7 0 2
10 2 2
6 8 2
9 0 2
9 6 2
10 6 2
7 4 2
6 0 2
9 2 2
9 1 2
9 7 2
7 0 2
10 4 2
8 3 2
9 8 2
9 5 2
7 0 2
10 4 1
7 5 1
6 0 1
6 3 1
8 2 1
8 0 1
10 3 1
6 5 1
6 4 1
7 8 1
10 8 1
6 2 1
7 5 1
8 7 1
10 7 1
7 0 1
9 0 1
9 4 1
7 5 1
10 4 1
10 1 1
