90 1
30 
9 4 5
10 6 5
7 7 5
6 1 5
7 2 5
6 3 5
6 7 5
9 7 5
8 1 5
10 2 5
8 0 5
10 5 5
10 8 5
9 8 5
6 3 4
9 0 4
7 8 4
7 5 4
7 1 4
10 5 4
8 6 4
9 8 4
10 8 4
7 0 4
8 5 4
6 6 4
6 0 4
6 0 4
9 2 4
8 5 4
6 1 4
9 7 4
9 1 4
9 7 4
9 1 4
10 5 4
8 3 4
9 8 3
9 7 3
6 8 3
6 1 3
9 4 3
6 3 3
9 7 3
9 5 3
10 0 3
9 2 3
10 2 3
7 5 3
8 3 3
9 1 3
10 2 3
7 5 3
9 4 3
10 6 3
9 8 3
10 4 3
7 0 2
8 0 2
9 6 2
6 0 2
6 1 2
9 8 2
8 4 2
10 4 2
9 0 2
10 5 2
8 4 2
7 5 2
10 8 2
9 1 2
9 7 2
10 0 2
6 0 2
9 8 2
8 2 2
6 0 2
8 8 2
6 7 1
6 3 1
10 1 1
7 1 1
7 2 1
6 8 1
10 0 1
9 2 1
8 3 1
8 1 1
7 5 1
10 1 1
