130 1
30 
6 4 5
10 7 5
6 2 5
7 1 5
7 2 5
9 5 5
7 7 5
7 4 5
10 7 5
9 2 5
6 4 5
8 2 5
7 8 5
9 8 5
7 3 5
6 4 5
8 2 5
6 2 5
8 4 5
6 7 5
10 4 5
9 0 5
8 3 5
10 5 5
8 1 5
8 1 5
9 3 5
8 6 5
9 2 5
9 4 4
8 0 4
9 2 4
6 6 4
6 4 4
7 2 4
7 3 4
9 5 4
10 1 4
6 1 4
10 0 4
9 1 4
7 5 4
7 2 4
8 6 4
7 8 4
6 8 4
10 2 4
10 0 4
10 2 4
6 4 4
10 1 4
8 6 4
10 2 4
10 1 4
9 4 4
6 7 4
6 0 4
8 1 3
7 7 3
10 0 3
7 3 3
9 0 3
7 4 3
6 3 3
9 2 3
7 4 3
10 0 3
6 6 3
9 6 3
6 3 3
7 6 3
6 1 3
10 0 3
6 5 3
7 5 3
10 2 3
7 8 3
9 1 3
8 5 3
10 0 3
8 4 3
9 3 3
10 0 2
7 2 2
7 2 2
6 5 2
8 8 2
7 1 2
6 3 2
8 2 2
10 5 2
10 4 2
7 4 2
6 7 2
10 5 2
7 8 2
9 6 2
8 2 2
7 4 2
8 0 2
9 3 2
6 6 2
6 2 2
10 7 2
8 0 1
9 5 1
8 8 1
7 2 1
7 2 1
9 3 1
10 6 1
8 2 1
9 0 1
6 3 1
9 2 1
10 8 1
7 2 1
10 2 1
8 7 1
10 5 1
10 0 1
8 0 1
6 5 1
7 0 1
8 8 1
8 8 1
6 4 1
10 5 1
7 2 1
8 3 1
