120 1
30 
7 5 5
9 1 5
7 2 5
9 1 5
7 7 5
10 2 5
9 8 5
7 3 5
6 6 5
7 6 5
10 3 5
9 8 5
10 8 5
7 6 5
9 1 5
8 1 5
6 3 5
6 1 5
7 5 5
7 5 5
9 5 5
7 4 4
10 0 4
8 2 4
7 2 4
7 6 4
10 6 4
6 2 4
6 7 4
8 1 4
10 3 4
10 2 4
6 6 4
9 5 4
10 4 4
9 7 4
7 0 4
10 7 4
7 1 4
10 5 4
9 5 4
10 6 4
10 1 4
9 7 3
6 5 3
7 0 3
6 6 3
10 6 3
7 3 3
7 8 3
8 0 3
9 6 3
6 2 3
8 0 3
7 5 3
7 7 3
10 1 3
9 5 2
8 3 2
8 7 2
9 2 2
7 6 2
9 8 2
10 3 2
7 2 2
8 5 2
9 8 2
8 2 2
8 8 2
6 5 2
8 5 2
8 8 2
10 5 2
8 7 2
7 6 2
10 1 2
8 7 2
10 8 2
9 6 2
7 7 2
8 4 2
7 6 2
9 0 2
7 5 2
6 1 2
7 8 2
8 4 2
9 7 2
8 0 2
9 8 2
9 6 1
7 0 1
9 7 1
9 1 1
7 6 1
10 3 1
8 3 1
10 8 1
6 4 1
7 6 1
7 5 1
9 0 1
10 1 1
7 4 1
7 1 1
9 4 1
8 4 1
6 8 1
6 0 1
8 3 1
9 0 1
9 3 1
10 1 1
6 3 1
7 6 1
8 2 1
6 2 1
7 7 1
8 2 1
7 7 1
