90 1
30 
6 7 5
7 4 5
8 8 5
10 4 5
10 2 5
10 8 5
7 8 5
10 7 5
6 1 5
8 6 5
8 5 5
10 2 5
10 2 5
8 4 5
10 1 5
7 6 4
6 3 4
8 0 4
10 6 4
10 4 4
9 3 4
9 3 4
6 7 4
8 2 4
6 7 4
6 7 4
8 1 4
10 8 4
6 5 4
9 7 3
8 2 3
6 5 3
8 7 3
10 2 3
8 6 3
9 6 3
7 1 3
10 2 3
7 5 3
10 7 3
7 4 3
6 2 3
8 8 3
9 4 3
6 2 3
7 2 3
6 4 3
9 5 3
6 1 2
6 0 2
6 4 2
9 5 2
8 8 2
8 3 2
9 0 2
9 2 2
10 1 2
6 2 2
8 4 2
9 2 2
6 3 2
10 3 2
6 2 2
6 8 2
6 5 2
7 1 2
8 1 2
6 3 2
6 8 2
8 0 1
9 4 1
7 8 1
9 6 1
6 4 1
6 8 1
6 6 1
9 8 1
6 7 1
6 6 1
7 3 1
10 8 1
8 0 1
10 4 1
9 2 1
8 7 1
9 5 1
7 6 1
7 6 1
6 6 1
8 7 1
