120 1
30 
7 2 5
8 3 5
9 2 5
10 6 5
6 3 5
7 4 5
6 6 5
10 6 5
9 3 5
8 8 5
7 7 5
6 7 5
8 8 5
7 7 5
9 2 5
10 5 5
6 8 5
9 2 5
10 5 5
10 5 5
9 0 4
8 5 4
8 1 4
10 1 4
8 2 4
10 6 4
9 0 4
10 3 4
8 1 4
9 3 4
7 3 4
8 6 4
6 7 4
6 2 4
10 1 4
6 5 4
7 7 4
6 2 4
10 2 4
9 6 4
7 2 4
9 3 4
8 4 4
7 8 4
7 1 4
9 3 3
10 3 3
10 0 3
7 0 3
7 0 3
7 3 3
7 7 3
7 6 3
10 1 3
6 2 3
6 2 3
6 6 3
9 8 3
7 4 3
9 7 3
6 5 3
9 7 3
6 7 3
8 8 3
8 0 3
7 6 3
8 4 3
9 0 3
8 2 3
10 2 3
9 7 3
6 4 2
10 0 2
10 1 2
8 4 2
8 3 2
10 3 2
9 3 2
7 3 2
7 8 2
10 5 2
6 8 2
6 6 2
10 6 2
7 4 2
9 6 2
9 7 2
9 5 2
10 7 1
7 0 1
8 0 1
10 4 1
7 1 1
6 2 1
7 5 1
10 8 1
8 1 1
9 1 1
9 3 1
6 2 1
9 2 1
10 4 1
9 6 1
9 6 1
7 4 1
6 5 1
9 3 1
6 7 1
7 6 1
10 5 1
7 5 1
8 7 1
9 8 1
7 0 1
10 5 1
8 3 1
10 3 1
8 8 1
7 1 1
8 3 1
