90 1
30 
9 8 5
9 2 5
9 2 5
9 3 5
10 4 5
8 4 5
9 3 5
8 8 5
6 4 5
10 3 5
8 2 5
10 1 5
7 2 5
8 2 5
7 5 5
6 6 5
6 2 5
9 5 5
6 3 5
6 8 5
7 0 5
10 5 4
9 7 4
8 5 4
6 6 4
7 3 4
7 6 4
9 4 4
8 0 4
6 7 4
6 3 3
6 4 3
8 6 3
7 0 3
6 2 3
9 8 3
7 2 3
6 8 3
10 8 3
8 8 3
10 8 3
10 1 3
10 6 3
7 6 3
8 0 3
8 8 2
8 1 2
8 2 2
6 4 2
10 2 2
9 0 2
9 0 2
7 2 2
7 7 2
8 3 2
10 7 2
8 7 2
7 5 2
7 0 2
9 2 2
7 2 2
8 4 2
7 3 2
9 8 2
9 2 2
7 1 2
10 8 2
6 0 2
10 7 1
7 0 1
8 5 1
9 6 1
6 4 1
9 5 1
8 8 1
9 2 1
8 2 1
7 7 1
7 8 1
8 8 1
9 5 1
10 4 1
9 6 1
7 5 1
8 8 1
9 6 1
10 5 1
10 2 1
10 3 1
8 0 1
