110 1
30 
8 6 5
9 3 5
7 7 5
7 2 5
10 1 5
6 8 5
9 1 5
6 0 5
9 4 5
9 7 5
10 7 5
8 7 5
8 1 5
10 1 5
7 3 5
9 3 5
9 5 5
7 4 5
6 1 5
6 3 5
7 7 5
7 5 5
8 1 5
9 8 5
7 1 5
7 1 4
10 1 4
6 5 4
10 2 4
9 8 4
8 7 4
8 5 4
8 6 4
8 2 4
8 7 4
8 4 4
6 0 4
9 7 4
8 1 4
9 1 4
9 7 4
7 3 4
9 7 4
8 4 4
8 1 3
6 4 3
8 0 3
9 2 3
6 6 3
8 1 3
10 8 3
10 8 3
8 0 3
7 3 3
7 3 3
8 4 3
7 3 3
6 3 3
10 7 3
7 5 3
8 1 3
10 2 3
7 6 3
10 8 3
8 0 3
8 6 3
10 7 3
10 1 3
8 0 2
9 7 2
6 7 2
8 0 2
8 8 2
7 7 2
9 7 2
7 4 2
9 1 2
10 3 2
7 3 2
6 6 2
7 2 2
9 2 2
6 2 2
7 5 1
6 4 1
10 6 1
7 6 1
9 3 1
6 0 1
9 3 1
6 1 1
9 2 1
6 8 1
6 0 1
10 0 1
6 0 1
8 1 1
6 8 1
7 1 1
7 5 1
6 4 1
7 2 1
8 4 1
6 6 1
7 5 1
9 3 1
7 2 1
6 2 1
8 5 1
7 6 1
