100 1
30 
7 5 5
7 7 5
8 4 5
7 0 5
10 2 5
8 6 5
10 0 5
6 2 5
6 0 5
7 1 5
9 5 5
10 8 5
9 8 5
8 2 5
10 7 5
10 7 5
9 2 5
6 1 5
8 4 5
9 3 5
7 7 5
9 8 5
9 2 5
8 3 5
6 1 4
10 7 4
9 0 4
7 1 4
9 3 4
8 3 4
8 1 4
8 5 4
9 4 4
6 4 4
7 5 4
6 2 4
9 1 4
6 7 4
8 2 4
8 2 4
7 6 4
10 6 4
9 4 4
7 6 3
8 8 3
7 3 3
8 2 3
9 0 3
8 8 3
9 7 3
8 6 3
9 5 3
6 2 3
7 7 3
9 7 3
8 1 3
6 5 3
9 2 3
8 6 3
9 6 3
9 1 3
9 7 3
10 5 3
8 7 3
10 4 3
6 4 3
7 8 3
9 4 2
10 0 2
6 3 2
9 5 2
9 7 2
10 5 2
9 1 2
7 2 2
8 3 2
10 2 2
10 3 2
6 3 2
8 6 2
8 7 2
9 8 1
9 1 1
7 3 1
8 2 1
10 1 1
9 0 1
9 5 1
10 6 1
9 2 1
8 1 1
7 3 1
9 7 1
10 4 1
10 8 1
10 6 1
7 0 1
6 0 1
10 8 1
9 5 1
