80 1
30 
10 5 5
10 0 5
10 3 5
9 4 5
6 7 5
7 8 5
8 7 5
8 0 5
8 6 5
9 2 5
7 6 5
10 6 5
10 1 5
7 6 5
8 4 5
8 1 5
9 4 5
7 2 5
8 5 5
9 0 5
8 4 5
10 1 4
7 5 4
6 7 4
10 4 4
10 3 4
9 6 4
7 1 4
8 0 4
8 4 4
9 0 4
8 0 4
8 2 4
7 4 4
9 2 4
10 2 4
8 3 4
7 3 4
10 5 4
8 3 4
9 6 4
7 3 4
9 8 4
7 8 4
9 4 3
6 8 3
6 7 3
9 8 3
6 3 3
10 0 3
9 8 3
7 5 3
10 0 3
8 3 3
7 0 3
6 4 3
10 4 3
9 3 3
6 2 2
7 1 2
7 3 2
10 8 2
9 7 2
6 0 2
7 8 2
7 6 2
10 3 2
6 3 2
8 5 2
9 2 2
6 1 2
7 5 2
7 2 1
9 1 1
10 1 1
10 0 1
6 3 1
8 6 1
9 1 1
6 7 1
