90 1
30 
6 4 5
9 2 5
6 2 5
8 6 5
7 5 5
7 6 5
7 1 5
8 6 5
10 6 5
8 5 5
7 8 5
9 2 5
9 8 5
6 3 5
6 4 4
6 0 4
7 0 4
9 6 4
7 2 4
7 4 4
6 4 4
8 7 4
7 6 4
10 0 4
7 2 4
9 6 4
10 7 4
10 1 4
6 1 4
8 5 4
9 6 4
8 1 4
9 8 4
10 1 3
10 4 3
8 5 3
8 7 3
10 8 3
6 6 3
8 4 3
8 6 3
6 7 3
9 5 3
8 3 3
10 0 3
9 5 3
9 1 3
7 5 3
9 2 2
8 5 2
7 1 2
8 0 2
8 4 2
6 8 2
10 3 2
10 7 2
6 8 2
7 3 2
8 3 2
8 1 2
7 8 2
8 7 2
9 1 2
6 3 2
8 7 2
7 3 2
6 8 2
9 5 2
6 1 2
10 2 2
7 6 2
8 5 2
6 7 2
9 2 2
7 5 1
7 4 1
9 0 1
7 3 1
9 5 1
6 6 1
7 8 1
6 6 1
9 1 1
7 1 1
7 1 1
10 1 1
7 5 1
6 0 1
10 1 1
10 7 1
