130 1
30 
7 3 5
6 7 5
8 8 5
6 5 5
9 3 5
10 8 5
6 2 5
9 5 5
9 7 5
6 7 5
6 3 5
8 0 5
9 8 5
6 5 5
10 6 5
8 4 5
7 8 5
10 2 5
7 4 5
9 1 5
8 5 5
9 1 5
10 0 5
9 3 5
9 0 5
8 4 5
10 4 5
10 1 5
6 1 5
9 1 5
8 3 5
9 0 5
7 2 5
10 0 4
10 4 4
8 3 4
8 1 4
10 0 4
10 7 4
9 8 4
9 1 4
8 5 4
6 7 4
7 1 4
8 6 4
8 7 4
8 3 4
8 7 4
9 2 4
6 3 4
8 6 4
7 7 4
6 4 4
10 3 4
6 0 4
9 6 4
10 6 4
9 7 4
8 0 4
8 4 4
8 8 4
7 2 3
6 3 3
7 8 3
8 4 3
9 2 3
10 3 3
8 4 3
8 2 3
6 2 3
6 0 3
7 6 3
9 0 3
7 8 3
8 3 3
7 5 3
10 7 3
7 0 3
8 6 3
6 2 3
7 1 3
8 5 2
7 0 2
7 6 2
7 1 2
10 1 2
10 8 2
9 5 2
7 7 2
7 3 2
6 0 2
8 5 2
10 7 2
9 6 2
10 0 2
8 8 2
10 1 2
8 1 2
9 0 2
9 5 2
7 1 1
7 3 1
6 4 1
10 1 1
9 2 1
9 7 1
10 6 1
9 2 1
6 2 1
8 0 1
8 0 1
6 3 1
10 6 1
8 3 1
7 5 1
6 5 1
8 1 1
8 7 1
10 2 1
6 6 1
10 4 1
10 0 1
10 7 1
7 5 1
6 6 1
10 1 1
9 4 1
10 3 1
8 6 1
10 4 1
