130 1
30 
10 1 5
7 5 5
10 8 5
6 1 5
9 0 5
10 4 5
8 1 5
9 7 5
6 0 5
8 0 5
8 7 5
6 5 5
7 6 5
10 4 5
7 3 5
7 3 5
7 1 5
8 3 5
9 0 5
9 6 5
7 4 5
6 1 5
7 5 5
8 7 5
7 1 5
8 7 5
10 8 4
10 4 4
10 1 4
6 5 4
10 3 4
7 3 4
6 1 4
6 8 4
9 4 4
6 2 4
8 8 4
9 3 4
6 1 4
8 6 4
9 6 4
7 5 4
6 8 4
6 4 4
8 7 4
6 5 4
8 1 4
8 6 4
6 3 4
10 3 4
8 2 4
10 8 4
10 7 3
10 7 3
8 3 3
8 3 3
7 2 3
8 5 3
10 0 3
9 0 3
10 2 3
10 6 3
6 0 3
8 4 3
6 2 3
8 1 3
7 7 3
6 4 3
8 6 3
8 1 3
6 7 3
6 0 3
10 4 3
9 4 3
10 0 3
7 6 3
8 0 3
6 3 3
9 4 3
10 2 3
10 7 3
8 6 2
6 1 2
8 8 2
7 4 2
8 6 2
8 2 2
6 2 2
8 8 2
8 4 2
7 5 2
10 3 2
9 3 2
9 5 2
6 5 2
9 2 2
7 6 2
9 7 2
6 2 2
7 0 2
6 4 2
10 6 2
7 6 2
6 5 1
9 7 1
7 0 1
9 8 1
8 3 1
6 4 1
8 1 1
10 2 1
8 5 1
6 6 1
6 0 1
7 3 1
10 6 1
10 7 1
6 8 1
8 4 1
9 6 1
7 6 1
10 2 1
7 8 1
6 7 1
8 5 1
6 3 1
9 6 1
8 5 1
10 5 1
8 2 1
