130 1
30 
9 4 5
10 3 5
7 5 5
9 2 5
8 0 5
10 8 5
7 0 5
8 2 5
10 4 5
7 3 5
10 8 5
8 8 5
7 6 5
10 2 5
10 1 5
6 0 5
8 4 5
10 6 5
8 5 5
10 6 5
10 2 5
8 2 4
7 8 4
6 2 4
10 2 4
10 8 4
10 3 4
7 8 4
8 5 4
10 1 4
6 7 4
8 4 4
8 3 4
9 6 4
7 5 4
10 8 4
10 7 4
7 8 4
7 5 4
10 8 4
6 6 4
10 6 4
10 8 4
7 7 4
10 8 4
10 3 4
6 2 4
10 4 4
7 5 4
10 4 4
7 5 4
8 5 4
9 4 3
9 5 3
7 6 3
6 6 3
8 8 3
6 4 3
7 6 3
6 7 3
8 2 3
9 7 3
10 3 3
6 0 3
9 6 3
7 8 3
8 7 3
9 8 3
6 5 3
7 1 3
7 7 3
6 3 3
7 5 3
6 1 3
10 5 3
6 6 3
8 4 3
9 8 3
10 4 3
10 0 2
7 3 2
10 3 2
8 8 2
8 6 2
6 1 2
10 1 2
8 8 2
8 1 2
8 8 2
10 1 2
9 5 2
9 2 2
9 5 2
7 4 2
7 7 2
6 2 2
7 8 2
10 0 2
8 5 2
9 3 2
6 3 2
8 2 2
8 8 2
7 0 2
6 7 1
8 6 1
7 4 1
6 1 1
9 8 1
10 0 1
9 1 1
9 4 1
6 3 1
7 5 1
8 2 1
8 1 1
9 6 1
8 1 1
10 0 1
9 1 1
6 3 1
7 1 1
7 5 1
9 0 1
9 3 1
9 8 1
8 2 1
6 4 1
7 8 1
8 2 1
