120 1
30 
10 7 5
9 1 5
7 4 5
8 2 5
9 6 5
10 4 5
9 3 5
9 6 5
8 3 5
7 3 5
9 8 5
6 8 5
6 3 5
8 1 5
9 5 5
8 3 5
6 3 5
8 3 5
9 0 5
6 2 5
6 8 5
7 4 5
10 1 5
7 7 5
7 5 5
8 1 5
10 3 5
6 3 4
10 6 4
10 7 4
7 1 4
6 3 4
10 5 4
8 1 4
8 4 4
9 4 4
8 2 4
8 1 4
10 3 4
7 7 4
6 3 4
10 2 4
6 7 4
6 7 4
7 5 4
8 8 4
7 4 4
10 3 4
10 0 4
8 1 4
9 0 4
10 8 3
8 8 3
10 8 3
7 7 3
9 5 3
9 8 3
6 3 3
8 6 3
7 5 3
8 8 3
9 2 3
9 4 3
7 1 3
7 4 3
8 8 3
9 5 3
8 6 3
6 5 3
10 8 2
8 4 2
6 6 2
7 1 2
10 1 2
6 0 2
6 6 2
10 0 2
8 0 2
10 3 2
9 0 2
10 8 2
9 8 2
7 7 2
9 4 2
8 5 2
7 8 2
6 1 2
10 6 2
8 6 2
10 4 2
10 7 2
8 0 2
9 8 2
6 7 2
7 8 2
9 6 1
9 0 1
9 8 1
6 4 1
6 2 1
7 4 1
9 2 1
10 3 1
9 8 1
9 5 1
8 3 1
8 0 1
10 1 1
9 1 1
8 3 1
10 4 1
10 8 1
7 4 1
9 4 1
9 3 1
6 2 1
6 5 1
8 6 1
7 4 1
7 6 1
