100 1
30 
8 8 5
7 1 5
6 7 5
8 6 5
8 0 5
9 7 5
8 5 5
10 0 5
8 4 5
8 4 5
9 6 5
10 2 5
8 7 5
9 3 5
6 8 5
9 0 4
8 8 4
6 4 4
6 6 4
10 7 4
7 8 4
9 1 4
7 6 4
6 6 4
10 2 4
10 2 4
6 1 4
9 7 4
6 7 4
10 8 4
6 2 4
8 7 4
9 6 4
6 2 4
6 5 4
9 7 4
8 3 4
8 3 4
6 2 3
7 8 3
9 5 3
8 1 3
7 0 3
10 1 3
10 3 3
10 1 3
9 8 3
6 2 3
8 5 3
10 5 3
9 0 3
10 6 3
8 4 3
6 0 3
9 6 3
7 3 3
6 0 3
10 4 3
7 1 3
8 0 3
9 1 3
7 0 3
7 4 3
9 5 3
9 6 2
10 4 2
8 6 2
6 8 2
8 6 2
6 4 2
7 5 2
7 3 2
9 1 2
7 1 2
8 8 2
6 3 2
8 6 2
8 8 2
7 7 2
7 6 2
10 8 2
6 4 2
7 3 2
8 2 2
9 5 2
6 2 1
9 1 1
9 2 1
6 5 1
8 1 1
8 2 1
9 0 1
9 1 1
7 8 1
7 5 1
8 5 1
10 3 1
8 4 1
9 1 1
10 1 1
