100 1
30 
8 3 5
6 3 5
6 0 5
9 4 5
7 2 5
8 3 5
7 8 5
7 7 5
7 8 5
6 6 5
8 7 5
7 8 5
10 1 5
9 7 5
6 4 5
7 3 5
10 1 5
8 0 5
6 0 5
7 8 4
10 4 4
9 0 4
10 2 4
10 3 4
6 3 4
10 5 4
9 5 4
8 8 4
9 0 4
8 1 4
7 0 4
8 0 4
6 8 4
8 0 4
7 2 4
9 6 4
6 1 4
8 4 4
6 6 4
9 4 4
7 7 4
8 3 3
7 7 3
9 7 3
8 0 3
6 8 3
8 3 3
9 8 3
10 5 3
10 5 3
8 1 3
8 5 3
8 5 3
10 5 3
8 8 3
6 5 3
9 1 3
8 2 2
9 4 2
7 2 2
8 6 2
10 0 2
8 0 2
6 2 2
9 5 2
6 4 2
8 4 2
9 6 2
9 2 2
6 7 2
9 8 2
7 3 2
6 1 2
10 1 2
10 2 2
6 6 2
10 4 2
7 4 2
6 2 1
8 0 1
8 6 1
8 8 1
7 7 1
6 5 1
10 2 1
9 1 1
7 3 1
8 4 1
10 5 1
9 0 1
10 5 1
9 2 1
9 5 1
7 0 1
6 8 1
8 3 1
8 8 1
10 3 1
9 0 1
8 0 1
