100 1
30 
9 3 5
6 2 5
8 5 5
9 6 5
8 1 5
6 0 5
7 3 5
8 1 5
7 0 5
10 7 5
9 2 5
9 5 5
6 0 5
6 3 5
8 4 5
10 0 5
9 8 5
8 7 5
6 0 5
10 1 5
8 2 5
6 2 5
9 5 5
6 4 5
7 5 5
9 8 4
9 5 4
9 0 4
10 6 4
8 2 4
6 0 4
10 3 4
9 3 4
7 2 4
10 4 4
8 3 4
6 1 4
8 7 4
6 4 4
10 7 4
9 1 4
10 2 4
10 4 4
7 5 3
6 2 3
6 5 3
9 1 3
10 2 3
8 4 3
8 4 3
6 5 3
10 5 3
8 3 3
6 4 3
6 8 3
10 6 3
6 6 3
9 2 3
7 0 3
7 7 3
10 5 3
7 4 3
8 3 2
8 7 2
9 7 2
7 8 2
8 1 2
6 4 2
9 1 2
7 8 2
9 7 2
10 4 2
8 8 2
8 5 2
6 8 2
7 8 2
8 4 2
6 2 2
8 5 2
7 5 2
7 5 2
7 1 2
6 5 2
9 1 2
10 6 2
9 5 1
10 4 1
9 0 1
10 4 1
8 1 1
6 8 1
8 3 1
6 8 1
9 1 1
9 8 1
6 5 1
9 7 1
6 1 1
6 1 1
8 0 1
