120 1
30 
9 1 5
10 3 5
10 0 5
8 6 5
10 2 5
10 0 5
7 0 5
9 1 5
9 3 5
8 3 5
8 6 5
6 2 5
7 5 5
9 7 5
9 3 5
10 4 5
9 7 5
10 4 5
6 4 5
9 3 5
7 0 5
8 0 4
10 5 4
9 4 4
9 5 4
10 6 4
8 7 4
6 3 4
9 0 4
6 0 4
9 1 4
8 0 4
9 0 4
7 4 4
6 1 4
8 1 4
10 8 4
7 1 4
6 3 4
9 1 4
6 8 4
7 7 4
7 4 4
7 2 4
8 8 4
6 7 4
6 8 4
8 6 3
7 7 3
7 3 3
10 0 3
9 1 3
9 1 3
8 7 3
8 3 3
10 7 3
8 6 3
10 4 3
9 5 3
8 3 3
8 4 3
9 3 3
10 0 3
10 6 3
7 3 3
6 0 3
9 0 3
6 3 3
10 8 3
6 3 3
7 3 3
8 4 3
8 2 2
9 2 2
9 1 2
7 6 2
9 5 2
9 3 2
10 5 2
7 8 2
10 5 2
9 8 2
8 5 2
10 2 2
9 2 2
8 2 2
8 2 2
8 2 2
6 7 2
10 5 2
9 6 2
10 3 2
7 0 2
7 7 2
9 6 2
7 7 2
8 7 2
6 1 1
8 7 1
10 1 1
10 2 1
8 2 1
9 4 1
9 0 1
7 3 1
8 4 1
6 2 1
9 1 1
7 2 1
10 7 1
9 1 1
7 6 1
10 0 1
6 7 1
9 0 1
10 2 1
7 6 1
7 3 1
8 1 1
7 1 1
