90 1
30 
8 0 5
8 5 5
10 8 5
7 3 5
6 5 5
10 7 5
6 5 5
9 2 5
7 5 5
8 3 5
7 5 5
10 4 5
8 6 5
6 4 5
7 3 4
6 1 4
9 8 4
8 5 4
10 1 4
10 7 4
10 6 4
8 8 4
10 8 4
10 5 4
10 4 4
10 3 4
8 4 4
6 7 4
8 6 4
9 6 4
8 4 4
7 7 4
7 8 4
8 2 4
8 8 4
9 7 4
7 8 4
8 0 4
9 8 3
9 0 3
6 3 3
10 0 3
9 1 3
10 7 3
8 5 3
6 8 3
6 3 3
9 3 3
10 0 3
8 8 3
8 0 3
7 7 3
8 0 3
10 8 3
10 4 3
10 4 3
7 1 3
6 1 3
10 8 2
7 8 2
8 2 2
7 0 2
10 6 2
6 0 2
6 8 2
7 7 2
9 0 2
9 8 2
9 6 2
9 2 2
6 0 2
9 4 1
10 8 1
7 8 1
8 1 1
6 7 1
10 8 1
8 8 1
6 3 1
7 6 1
8 1 1
7 8 1
7 7 1
10 0 1
6 3 1
7 4 1
10 2 1
10 0 1
9 7 1
6 0 1
