90 1
30 
6 7 5
6 3 5
9 1 5
8 0 5
9 8 5
10 2 5
9 6 5
9 5 5
7 7 5
8 5 5
6 0 5
8 1 5
8 8 5
7 7 5
7 4 5
9 2 5
7 6 5
8 4 5
9 2 5
10 8 5
9 1 5
10 3 5
8 0 4
8 8 4
9 5 4
6 3 4
8 4 4
7 5 4
7 2 4
8 5 4
6 0 4
8 8 4
6 1 4
10 8 4
7 6 4
8 0 4
10 3 4
8 5 4
9 8 4
9 8 4
6 4 4
7 4 4
7 7 3
9 0 3
9 6 3
7 5 3
8 0 3
8 3 3
9 7 3
10 8 3
10 1 3
7 7 3
10 2 3
10 6 3
10 0 3
9 8 3
9 2 3
8 2 3
6 3 3
7 6 3
7 7 2
7 7 2
8 3 2
9 7 2
7 6 2
10 3 2
10 2 2
7 6 2
6 5 2
8 5 2
8 7 2
6 6 2
7 1 2
8 5 2
8 2 2
7 2 1
10 2 1
8 3 1
10 0 1
6 6 1
10 8 1
7 1 1
10 7 1
7 2 1
7 4 1
8 1 1
9 0 1
7 3 1
10 0 1
9 7 1
