90 1
30 
6 7 5
8 2 5
8 3 5
9 4 5
9 1 5
8 0 5
10 2 5
9 2 5
10 1 5
10 0 5
9 2 5
8 0 5
7 2 5
8 8 5
6 1 5
6 0 4
7 2 4
6 5 4
9 5 4
7 8 4
7 6 4
6 6 4
10 3 4
9 7 4
7 5 4
6 8 4
8 2 4
7 7 4
7 4 4
9 6 4
7 4 4
7 8 3
7 5 3
6 7 3
6 1 3
10 4 3
7 5 3
7 4 3
8 7 3
9 3 3
10 1 3
6 4 3
7 3 3
8 5 3
9 8 3
6 0 3
10 2 3
10 2 3
7 3 3
10 0 3
7 3 3
7 3 2
9 0 2
6 1 2
9 5 2
9 3 2
9 3 2
7 0 2
10 2 2
10 1 2
9 0 2
8 0 2
9 2 2
8 0 2
9 3 2
9 8 2
6 7 2
7 4 2
9 0 2
7 3 2
8 5 2
6 6 2
9 4 2
6 7 2
8 6 2
9 2 1
9 6 1
6 0 1
7 8 1
9 7 1
7 8 1
8 1 1
10 4 1
6 4 1
6 3 1
9 0 1
10 5 1
9 2 1
7 8 1
9 8 1
