110 1
30 
10 4 5
6 5 5
9 7 5
7 0 5
9 7 5
9 6 5
6 1 5
6 6 5
9 6 5
8 5 5
10 0 5
8 7 5
10 0 5
7 8 5
6 3 5
10 6 5
8 8 5
8 6 4
9 7 4
9 6 4
9 7 4
9 2 4
7 2 4
6 5 4
8 2 4
8 8 4
6 1 4
9 4 4
10 8 4
7 2 4
8 3 4
7 4 4
9 8 4
6 3 4
6 0 4
7 2 4
8 7 4
6 4 4
8 7 4
7 5 4
9 5 4
8 0 4
6 4 3
10 6 3
7 5 3
7 6 3
6 6 3
10 0 3
9 8 3
10 7 3
7 4 3
8 8 3
6 0 3
10 5 3
9 2 3
6 3 3
10 1 3
10 8 3
7 5 3
10 5 3
8 6 3
10 7 3
10 4 3
9 4 2
8 7 2
10 0 2
9 5 2
7 8 2
6 0 2
10 6 2
7 1 2
8 7 2
9 0 2
9 0 2
7 6 2
6 3 2
7 5 2
7 5 2
7 1 2
9 2 2
9 8 2
10 5 2
8 6 2
10 3 2
9 4 2
8 5 2
9 6 2
6 1 2
10 7 2
9 7 2
6 1 1
10 5 1
8 6 1
8 2 1
6 3 1
6 5 1
10 3 1
10 4 1
10 0 1
7 8 1
7 0 1
6 3 1
8 5 1
9 8 1
8 0 1
10 8 1
9 5 1
10 2 1
9 5 1
7 7 1
