90 1
30 
8 7 5
8 8 5
7 4 5
7 1 5
7 3 5
6 6 5
9 3 5
10 8 5
7 1 5
7 2 5
7 4 5
10 8 5
7 7 5
7 7 5
8 2 5
9 5 5
7 1 5
7 4 5
6 1 5
7 3 5
9 5 4
8 3 4
8 8 4
7 2 4
10 0 4
9 6 4
10 7 4
9 7 4
6 1 4
8 6 4
10 7 4
10 2 4
7 0 4
6 6 4
9 4 4
8 3 4
8 4 4
8 0 4
8 7 3
8 6 3
10 1 3
7 6 3
10 4 3
6 3 3
10 3 3
7 5 3
9 6 3
7 8 3
9 1 3
10 6 3
10 7 3
7 0 3
10 4 3
9 1 3
8 2 2
9 1 2
7 5 2
6 8 2
7 0 2
8 6 2
7 4 2
8 2 2
8 5 2
8 3 2
8 1 2
10 6 2
9 4 2
6 3 2
10 7 2
6 1 2
6 2 2
8 6 2
6 6 2
9 8 1
10 5 1
7 3 1
10 6 1
10 6 1
7 1 1
7 4 1
9 8 1
7 8 1
6 8 1
9 2 1
8 3 1
9 1 1
8 0 1
7 7 1
9 4 1
7 7 1
