80 1
30 
9 7 5
10 6 5
7 4 5
8 4 5
10 6 5
9 3 5
6 7 5
9 7 5
6 7 5
6 0 5
7 2 5
9 6 5
10 8 5
9 8 5
7 4 5
9 0 5
6 3 5
8 5 5
10 2 5
8 5 5
9 1 5
10 6 5
8 5 5
10 3 4
6 8 4
6 6 4
6 2 4
7 1 4
7 0 4
7 7 4
7 6 4
7 3 4
10 4 4
7 4 4
6 4 3
6 8 3
7 5 3
8 7 3
7 0 3
8 5 3
8 8 3
10 3 3
6 3 3
8 0 3
9 0 3
7 8 3
7 8 3
8 6 3
7 0 3
9 7 2
9 5 2
7 2 2
10 5 2
9 0 2
6 5 2
9 2 2
6 4 2
6 6 2
6 0 2
7 2 2
10 2 2
7 6 2
10 3 2
8 7 1
8 6 1
9 2 1
7 5 1
9 8 1
9 8 1
7 3 1
8 6 1
8 1 1
8 6 1
6 2 1
7 2 1
8 0 1
8 6 1
9 5 1
6 4 1
8 6 1
