110 1
30 
10 1 5
7 1 5
10 6 5
8 3 5
10 4 5
10 3 5
8 5 5
8 3 5
7 2 5
9 7 5
6 2 5
7 5 5
6 2 5
10 6 4
7 8 4
9 5 4
9 3 4
6 5 4
6 8 4
10 4 4
8 6 4
10 5 4
10 4 4
8 6 4
7 7 4
7 0 4
10 0 4
9 6 4
10 5 4
6 6 4
8 3 4
7 1 4
6 8 4
8 4 4
9 7 4
10 6 4
10 8 4
7 7 4
8 0 4
7 7 4
8 5 3
6 1 3
8 8 3
10 0 3
10 2 3
10 4 3
10 6 3
8 8 3
8 7 3
8 5 3
7 5 3
6 5 3
7 1 3
6 1 3
8 6 3
8 5 3
10 3 3
8 1 3
9 7 3
10 0 3
6 5 3
7 8 3
8 3 3
8 7 3
10 3 3
6 7 2
9 3 2
7 0 2
8 0 2
8 5 2
10 0 2
9 6 2
9 5 2
7 4 2
8 2 2
7 1 2
9 5 2
9 5 2
7 5 2
7 3 2
10 8 2
7 3 2
8 2 2
6 3 2
7 4 2
10 1 2
7 2 2
9 8 2
6 2 2
8 3 1
7 2 1
7 7 1
7 8 1
7 5 1
6 7 1
9 4 1
8 6 1
7 0 1
8 5 1
6 8 1
6 5 1
7 1 1
7 8 1
9 5 1
6 8 1
8 5 1
6 2 1
9 0 1
8 0 1
6 7 1
