90 1
30 
8 3 5
8 1 5
7 4 5
10 4 5
8 2 5
7 1 5
6 3 5
6 0 5
7 2 5
9 8 5
6 2 5
8 1 5
9 1 5
6 8 5
6 6 5
7 4 5
7 1 5
9 0 5
9 6 5
8 4 5
7 6 5
7 4 5
8 4 4
6 0 4
6 3 4
8 2 4
6 4 4
6 3 4
9 2 4
10 7 4
6 2 4
10 2 4
10 4 4
6 2 4
9 1 4
10 1 4
9 5 4
6 2 4
7 1 4
6 5 4
9 7 3
6 1 3
6 5 3
6 7 3
9 3 3
8 7 3
7 7 3
6 4 3
9 8 3
10 7 3
9 4 3
9 6 3
9 0 3
8 7 3
9 3 3
7 1 3
6 2 3
10 0 3
6 7 2
9 6 2
9 2 2
7 8 2
10 8 2
9 7 2
10 5 2
8 1 2
9 2 2
6 8 2
10 2 2
6 1 2
6 4 2
10 2 2
10 2 1
8 5 1
6 4 1
8 2 1
7 2 1
8 1 1
8 5 1
10 6 1
7 4 1
10 3 1
9 7 1
7 1 1
7 2 1
9 6 1
8 5 1
6 0 1
10 8 1
6 0 1
