100 1
30 
9 4 5
7 0 5
6 1 5
10 4 5
10 4 5
6 1 5
8 6 5
8 4 5
6 4 5
7 2 5
9 6 5
7 7 5
7 3 5
8 6 5
10 0 5
8 1 5
9 6 4
9 5 4
7 8 4
9 8 4
7 2 4
9 6 4
8 6 4
8 5 4
8 5 4
9 0 4
6 1 4
10 0 4
7 1 4
8 3 4
9 4 4
9 2 4
8 0 4
7 7 4
9 3 4
10 2 4
7 4 4
8 3 3
6 1 3
10 7 3
7 1 3
10 3 3
6 7 3
10 0 3
10 7 3
8 8 3
7 7 3
10 5 3
7 1 3
10 8 3
8 3 3
10 2 3
6 8 3
6 1 3
10 5 3
10 4 3
8 4 3
10 7 3
8 2 3
8 6 3
6 0 3
7 5 3
6 4 3
6 2 3
9 4 3
10 3 3
9 0 2
6 7 2
9 5 2
6 4 2
6 5 2
7 1 2
6 8 2
10 5 2
6 7 2
8 6 2
7 1 2
6 7 2
9 7 2
6 3 1
6 6 1
10 2 1
8 6 1
10 4 1
8 6 1
8 3 1
10 6 1
6 7 1
8 1 1
9 8 1
8 3 1
9 8 1
9 5 1
8 4 1
9 3 1
8 1 1
9 7 1
8 7 1
8 4 1
8 6 1
