110 1
30 
9 1 5
8 6 5
6 3 5
9 2 5
10 4 5
10 4 5
7 7 5
6 1 5
7 2 5
8 0 5
8 1 5
6 4 5
7 7 5
8 4 5
10 2 5
8 4 5
7 7 5
10 1 5
7 4 5
10 8 5
7 7 5
7 6 5
7 4 5
7 0 5
8 8 4
8 5 4
10 7 4
10 5 4
9 2 4
7 0 4
8 6 4
9 2 4
6 6 4
7 0 4
8 8 4
7 5 4
9 7 4
6 6 4
7 4 4
10 5 4
8 7 3
8 0 3
7 2 3
9 5 3
8 5 3
8 5 3
8 1 3
9 2 3
7 0 3
9 1 3
8 2 3
7 7 3
7 5 3
10 1 3
9 6 3
6 7 3
7 2 3
8 5 3
8 7 3
6 0 3
9 0 3
7 8 3
7 3 3
8 8 2
8 8 2
8 8 2
6 2 2
8 4 2
9 1 2
9 5 2
7 2 2
7 0 2
6 8 2
7 3 2
6 7 2
6 5 2
9 6 2
7 8 2
10 0 2
9 2 2
7 5 1
6 4 1
10 1 1
6 7 1
7 6 1
10 5 1
10 2 1
9 7 1
6 5 1
9 6 1
10 4 1
9 5 1
8 5 1
7 2 1
8 6 1
8 7 1
9 7 1
8 4 1
10 7 1
6 3 1
8 4 1
10 3 1
7 7 1
6 2 1
7 1 1
7 2 1
7 5 1
10 6 1
10 1 1
8 2 1
