110 1
30 
9 7 5
6 8 5
7 2 5
7 7 5
9 1 5
6 4 5
10 0 5
6 7 5
6 1 5
9 0 5
10 8 5
10 3 5
8 5 5
8 7 5
7 8 5
10 0 5
6 3 5
9 1 5
10 1 5
6 1 5
8 4 5
6 2 5
9 7 5
6 5 5
9 5 5
10 2 5
6 5 5
7 2 5
10 3 5
7 6 5
6 0 5
9 4 5
7 2 4
10 6 4
6 2 4
8 5 4
7 5 4
10 8 4
10 8 4
8 3 4
9 7 4
9 1 4
7 1 4
10 3 4
6 7 4
9 6 4
10 8 4
7 2 3
6 5 3
6 4 3
8 2 3
9 8 3
7 2 3
7 5 3
10 7 3
10 0 3
9 5 3
6 2 3
9 5 3
6 0 3
9 4 3
10 5 3
7 7 3
10 4 3
10 1 3
7 1 3
10 2 3
7 5 3
8 1 2
10 5 2
9 3 2
10 4 2
10 6 2
10 2 2
8 2 2
8 7 2
7 2 2
9 6 2
9 1 2
9 4 2
9 5 2
6 4 2
6 7 2
6 1 2
9 4 2
7 5 2
9 3 2
9 1 2
9 6 2
10 3 2
7 1 2
8 8 2
6 8 2
10 3 2
9 8 1
6 6 1
8 7 1
6 7 1
7 6 1
6 1 1
10 5 1
8 7 1
10 4 1
7 3 1
7 6 1
10 8 1
6 1 1
7 1 1
8 6 1
7 3 1
