110 1
30 
8 7 5
10 1 5
7 4 5
10 0 5
6 6 5
9 7 5
6 3 5
7 6 5
6 4 5
8 4 5
9 3 5
10 2 5
10 3 5
7 5 5
8 6 5
6 3 5
10 3 5
8 3 5
7 0 5
10 7 5
10 1 4
10 4 4
9 0 4
10 8 4
9 5 4
7 6 4
10 8 4
9 3 4
9 7 4
9 1 4
10 7 4
7 6 4
10 4 4
8 5 4
6 0 4
6 3 4
8 7 4
7 6 4
9 8 4
8 8 4
6 8 4
10 5 4
6 6 4
7 1 4
9 4 4
8 0 4
7 1 4
9 3 4
10 2 3
8 2 3
8 2 3
10 4 3
7 2 3
9 8 3
6 0 3
9 8 3
9 5 3
10 1 3
8 8 3
9 8 3
8 3 3
9 0 3
8 0 3
6 7 2
8 0 2
8 3 2
7 3 2
7 5 2
10 1 2
7 7 2
7 2 2
8 7 2
10 2 2
9 7 2
8 3 2
8 7 2
10 2 2
8 8 2
10 1 2
9 1 2
8 1 2
6 3 2
9 6 2
7 6 2
8 2 2
7 0 2
7 1 2
10 4 2
10 5 2
7 0 2
7 1 1
10 1 1
6 2 1
10 6 1
10 5 1
10 8 1
7 3 1
7 0 1
10 3 1
8 6 1
10 0 1
8 3 1
9 0 1
8 2 1
10 5 1
6 6 1
9 6 1
7 3 1
10 7 1
10 2 1
