100 1
30 
8 0 5
10 7 5
8 6 5
9 7 5
10 7 5
8 3 5
6 6 5
10 6 5
6 3 5
6 2 5
9 4 5
6 4 5
7 2 5
9 5 5
8 1 5
6 2 5
7 7 5
7 7 5
10 5 5
10 5 5
6 8 5
6 6 5
9 1 4
6 0 4
8 7 4
9 1 4
7 5 4
7 8 4
9 0 4
8 5 4
6 3 4
7 7 4
8 4 4
10 7 4
10 0 4
6 4 4
6 1 4
7 1 4
7 7 4
8 3 4
9 4 4
9 7 4
10 4 4
9 4 4
10 4 3
8 2 3
6 2 3
9 8 3
9 6 3
9 2 3
9 2 3
8 7 3
7 3 3
7 6 3
6 4 3
10 1 3
8 2 3
8 8 3
10 7 3
10 5 2
7 1 2
9 1 2
8 4 2
6 8 2
7 0 2
9 6 2
6 8 2
9 1 2
6 8 2
9 1 2
7 5 2
10 5 2
10 6 2
10 2 2
8 0 2
10 4 2
10 4 2
8 2 2
10 3 2
8 5 1
6 8 1
9 5 1
8 2 1
10 7 1
9 5 1
8 8 1
7 4 1
6 6 1
7 0 1
8 2 1
9 0 1
7 6 1
6 3 1
6 4 1
10 7 1
7 4 1
10 0 1
10 4 1
8 5 1
6 5 1
