120 1
30 
9 1 5
7 0 5
10 3 5
7 1 5
8 8 5
7 8 5
7 6 5
8 1 5
6 6 5
9 5 5
9 7 5
9 5 5
8 2 5
7 1 5
6 8 5
6 5 5
7 6 5
10 8 5
10 0 5
6 3 5
10 5 5
9 2 5
8 7 5
9 2 5
10 5 4
10 3 4
9 6 4
8 2 4
7 2 4
9 3 4
7 1 4
8 7 4
9 8 4
8 1 4
10 4 4
9 5 4
7 2 4
10 8 4
9 7 4
6 8 4
10 3 4
10 2 4
9 0 4
7 0 4
6 8 4
9 6 4
7 7 4
9 8 4
7 1 4
10 3 4
10 1 4
7 1 4
6 0 4
7 6 4
9 2 4
8 8 3
7 8 3
10 2 3
9 2 3
8 4 3
7 6 3
9 2 3
6 8 3
7 3 3
7 8 3
8 7 3
7 7 3
10 4 3
10 1 3
7 1 3
8 1 3
10 8 3
9 5 3
9 5 2
8 3 2
7 5 2
9 3 2
10 3 2
7 0 2
6 3 2
7 3 2
6 8 2
8 6 2
10 8 2
7 2 2
6 6 2
9 7 2
9 4 2
9 4 2
9 6 2
7 5 2
8 7 2
6 6 2
8 8 2
7 1 2
8 2 2
6 2 2
8 2 2
6 6 1
10 3 1
7 7 1
8 1 1
6 3 1
10 5 1
6 0 1
6 2 1
8 3 1
7 0 1
9 4 1
6 4 1
9 0 1
9 2 1
8 4 1
7 6 1
9 0 1
7 1 1
9 7 1
8 6 1
6 1 1
9 3 1
