130 1
30 
6 2 5
9 7 5
8 6 5
6 7 5
7 7 5
6 5 5
7 6 5
7 0 5
7 8 5
7 5 5
10 5 5
8 7 5
10 2 5
6 4 5
9 7 5
6 2 5
8 4 5
6 2 5
7 3 5
10 4 5
9 2 5
10 3 5
6 3 5
7 6 5
9 4 4
6 3 4
7 3 4
6 6 4
6 7 4
10 0 4
7 2 4
9 4 4
6 4 4
8 6 4
9 5 4
8 3 4
9 2 4
7 8 4
7 8 4
10 3 4
8 6 4
9 4 4
10 1 4
7 2 4
7 7 4
10 6 4
6 4 4
10 7 4
10 8 4
7 6 4
6 6 4
8 1 4
8 3 4
6 2 4
6 5 3
7 4 3
9 4 3
7 0 3
10 6 3
9 7 3
7 3 3
6 1 3
10 4 3
7 0 3
8 4 3
8 4 3
10 3 3
10 4 3
9 2 3
7 8 3
9 6 3
10 7 3
8 2 3
6 2 3
7 7 3
9 6 3
8 7 3
7 7 3
7 3 3
9 6 2
6 2 2
8 4 2
8 0 2
9 6 2
9 6 2
8 0 2
7 2 2
7 1 2
8 8 2
6 8 2
8 7 2
9 4 2
9 7 2
8 3 2
6 4 2
10 5 2
6 0 2
7 2 2
7 6 2
10 6 2
8 2 2
9 6 2
7 3 2
6 8 2
7 8 2
6 7 2
9 5 2
6 7 2
8 4 1
9 1 1
9 4 1
8 0 1
7 4 1
8 4 1
9 5 1
8 5 1
9 8 1
6 2 1
6 8 1
6 6 1
7 3 1
7 6 1
7 7 1
6 6 1
7 5 1
10 2 1
6 8 1
7 3 1
7 6 1
10 8 1
