110 1
30 
7 2 5
6 2 5
9 6 5
8 4 5
7 1 5
6 4 5
9 0 5
7 4 5
6 6 5
9 1 5
6 1 5
7 1 5
9 7 5
10 6 5
9 6 5
8 1 5
8 6 5
8 0 5
6 2 5
9 3 5
8 8 5
8 5 5
9 4 5
10 2 4
9 3 4
8 0 4
8 6 4
10 4 4
8 4 4
6 5 4
7 6 4
6 8 4
8 7 4
6 3 4
8 8 4
7 0 4
10 5 4
9 1 4
6 7 4
8 7 4
8 3 4
7 4 4
7 4 4
8 3 4
8 8 3
7 1 3
8 7 3
8 0 3
10 2 3
10 0 3
8 6 3
6 6 3
8 7 3
7 6 3
9 3 3
9 1 3
7 7 3
7 5 3
7 2 3
7 3 3
8 5 3
9 6 3
9 7 3
10 6 3
7 6 3
9 0 3
10 6 2
6 0 2
8 8 2
6 2 2
8 7 2
7 1 2
6 6 2
10 4 2
8 5 2
8 2 2
8 2 2
6 2 2
7 1 2
8 3 2
7 6 2
6 1 2
9 2 2
10 7 2
6 1 2
8 4 2
7 1 2
9 2 1
10 1 1
9 5 1
8 7 1
10 8 1
7 6 1
7 5 1
8 2 1
9 1 1
10 7 1
7 8 1
9 2 1
9 3 1
8 8 1
6 8 1
7 4 1
10 0 1
10 4 1
7 4 1
8 5 1
7 3 1
9 6 1
6 7 1
