100 1
30 
6 2 5
10 2 5
10 4 5
8 4 5
9 2 5
10 1 5
7 3 5
7 3 5
8 1 5
10 6 5
6 5 5
8 6 5
8 4 5
10 2 5
7 7 5
6 0 5
10 4 4
6 5 4
9 0 4
7 3 4
10 3 4
7 2 4
6 7 4
6 6 4
9 0 4
8 8 4
10 8 4
8 3 4
10 5 4
9 4 4
7 0 4
8 8 4
7 0 4
10 1 4
9 0 4
6 1 4
9 8 3
6 6 3
7 2 3
6 6 3
6 7 3
6 6 3
8 3 3
8 0 3
10 0 3
7 8 3
10 5 3
9 8 3
6 5 3
8 0 3
10 8 3
9 0 3
10 6 3
7 7 3
8 4 3
8 8 3
8 6 3
6 0 3
10 6 3
9 1 2
9 5 2
9 7 2
8 3 2
9 3 2
10 3 2
6 2 2
10 2 2
8 2 2
8 0 2
10 0 2
8 6 2
6 0 2
7 7 2
9 8 2
7 2 1
9 3 1
6 1 1
8 2 1
6 5 1
8 7 1
6 1 1
8 0 1
6 8 1
9 7 1
6 6 1
8 6 1
10 6 1
6 0 1
6 2 1
8 7 1
10 5 1
10 7 1
10 7 1
7 1 1
9 2 1
10 0 1
10 0 1
9 8 1
10 2 1
10 7 1
