90 1
30 
10 3 5
6 5 5
10 2 5
9 8 5
9 0 5
7 2 5
10 1 5
7 2 5
7 5 5
9 1 5
6 7 5
10 8 5
6 8 5
10 4 5
7 5 5
6 7 5
7 6 5
8 8 5
8 0 5
9 2 5
10 5 4
7 8 4
10 2 4
6 1 4
6 8 4
9 8 4
6 2 4
8 5 4
6 5 4
10 4 4
8 2 4
6 5 4
6 4 4
6 7 4
8 0 4
9 5 4
7 2 4
6 6 4
6 2 4
10 1 4
8 6 4
6 4 4
6 6 3
7 5 3
9 3 3
8 2 3
6 3 3
6 1 3
6 1 3
10 1 3
9 4 3
6 3 3
10 6 3
9 3 3
8 5 3
6 8 3
10 6 3
9 2 3
10 5 3
8 2 3
8 6 3
10 4 3
6 1 3
9 8 2
8 0 2
6 8 2
7 5 2
7 6 2
7 3 2
9 1 2
10 0 2
6 7 2
8 5 2
6 7 2
9 8 2
8 0 2
8 5 1
8 6 1
10 0 1
7 6 1
6 6 1
10 0 1
10 8 1
8 1 1
7 3 1
6 7 1
10 3 1
10 8 1
6 7 1
7 2 1
