80 1
30 
9 8 5
8 7 5
8 6 5
8 0 5
10 1 5
8 0 5
10 4 5
9 4 5
6 3 5
7 5 5
7 2 5
10 3 5
8 4 5
7 3 5
8 6 5
8 2 5
7 7 5
8 1 5
10 0 5
10 7 5
7 4 5
8 7 5
6 1 4
6 4 4
9 5 4
7 0 4
6 6 4
10 7 4
10 5 4
9 6 4
9 5 4
7 0 4
9 1 4
6 1 3
8 6 3
9 1 3
10 4 3
10 5 3
8 5 3
9 8 3
6 6 3
9 3 3
9 8 3
7 2 3
6 8 3
6 5 3
8 0 3
6 0 3
10 4 3
9 5 2
10 8 2
8 7 2
7 1 2
7 0 2
8 0 2
10 8 2
7 4 2
6 6 2
8 3 2
8 3 2
7 7 2
6 6 2
6 7 1
6 3 1
9 6 1
8 4 1
8 2 1
6 3 1
8 6 1
8 0 1
10 0 1
10 4 1
8 5 1
7 5 1
8 0 1
9 8 1
9 0 1
6 3 1
10 7 1
10 8 1
