110 1
30 
10 7 5
7 4 5
10 4 5
8 1 5
10 8 5
6 5 5
6 6 5
6 3 5
7 6 5
8 4 5
9 5 5
8 5 5
7 6 5
8 4 5
6 0 5
7 4 5
8 3 5
9 1 5
6 6 5
8 6 5
9 8 5
10 2 5
7 5 5
9 7 4
9 8 4
8 0 4
10 1 4
8 3 4
7 5 4
6 0 4
8 1 4
6 8 4
6 2 4
6 1 4
7 6 4
8 1 4
6 7 4
10 6 4
10 6 3
6 1 3
10 2 3
6 1 3
10 2 3
6 8 3
6 0 3
6 3 3
10 7 3
6 6 3
6 1 3
8 7 3
10 8 3
6 3 3
10 5 3
8 0 3
8 5 3
10 0 3
9 7 3
6 3 3
8 6 2
8 4 2
6 3 2
9 3 2
8 1 2
7 0 2
9 5 2
8 3 2
10 8 2
6 0 2
7 2 2
6 0 2
6 4 2
8 7 2
8 0 2
10 4 2
9 8 2
7 7 2
8 1 2
6 6 2
10 4 2
8 5 2
7 0 2
7 3 2
8 0 1
8 6 1
9 0 1
6 6 1
8 4 1
7 5 1
8 7 1
6 8 1
8 5 1
6 8 1
6 2 1
8 1 1
8 6 1
7 5 1
9 8 1
8 1 1
10 7 1
8 1 1
10 8 1
10 3 1
7 5 1
8 5 1
6 3 1
8 4 1
10 7 1
9 2 1
8 1 1
6 3 1
