130 1
30 
9 2 5
6 0 5
7 6 5
10 0 5
6 2 5
8 1 5
8 6 5
8 7 5
7 6 5
10 8 5
9 0 5
7 1 5
7 4 5
6 1 5
9 8 5
6 2 5
10 8 5
8 2 5
10 7 5
10 8 5
10 4 5
6 3 5
8 3 5
7 6 5
8 2 5
6 0 5
10 1 4
8 1 4
8 4 4
9 1 4
10 3 4
9 1 4
8 8 4
10 3 4
7 8 4
7 5 4
8 1 4
7 8 4
8 3 4
10 1 4
10 4 4
9 5 4
10 3 4
6 8 4
6 4 3
7 4 3
10 5 3
6 2 3
10 0 3
10 3 3
7 2 3
7 6 3
10 0 3
9 7 3
9 6 3
8 1 3
9 0 3
10 8 3
9 1 3
6 7 3
8 2 3
10 4 3
8 5 3
10 6 3
10 5 3
9 8 2
8 7 2
7 5 2
6 7 2
10 2 2
10 4 2
8 2 2
10 3 2
10 1 2
10 7 2
8 2 2
7 6 2
10 0 2
10 5 2
7 8 2
9 8 2
8 5 2
6 3 2
8 1 2
10 4 2
9 6 2
6 6 2
7 8 2
7 1 2
6 5 2
9 1 2
9 3 2
6 5 2
6 0 2
10 3 2
9 1 2
7 0 2
9 0 2
8 3 2
8 7 2
7 6 2
8 5 2
7 3 1
9 8 1
10 1 1
8 7 1
10 4 1
7 4 1
9 2 1
8 8 1
6 1 1
8 1 1
6 2 1
9 2 1
9 6 1
7 6 1
9 7 1
6 6 1
10 0 1
9 2 1
7 0 1
7 8 1
10 1 1
7 0 1
10 1 1
8 2 1
7 8 1
8 6 1
9 4 1
6 2 1
