90 1
30 
8 7 5
6 1 5
7 1 5
9 1 5
7 1 5
7 6 5
7 2 5
9 3 5
10 6 5
6 0 5
10 5 5
6 2 5
8 0 5
8 0 5
7 5 5
9 2 5
7 4 5
6 2 5
10 1 5
7 3 5
10 8 5
9 4 4
6 2 4
7 8 4
9 2 4
6 1 4
10 1 4
6 4 4
9 2 4
9 0 4
7 3 4
10 1 4
6 5 4
8 7 4
10 6 4
8 7 4
9 8 3
10 1 3
10 2 3
10 3 3
9 8 3
7 4 3
10 2 3
9 7 3
7 5 3
8 3 3
10 3 3
8 7 3
6 2 3
6 3 3
8 4 3
10 6 3
8 1 3
10 5 3
6 4 3
6 2 3
9 0 3
9 8 3
10 4 3
7 5 3
6 8 3
10 2 3
6 2 2
6 6 2
8 0 2
9 5 2
10 5 2
7 3 2
8 7 2
8 0 2
6 0 2
7 2 2
9 5 2
7 5 2
7 8 2
8 8 1
6 2 1
9 7 1
9 3 1
6 5 1
9 6 1
6 7 1
8 0 1
7 3 1
10 3 1
6 3 1
6 0 1
8 8 1
10 8 1
8 6 1
