110 1
30 
6 5 5
7 4 5
8 1 5
10 5 5
10 2 5
10 0 5
10 6 5
8 6 5
6 7 5
7 6 5
6 0 5
6 1 5
10 8 5
7 3 5
6 4 5
7 5 5
6 8 5
7 8 5
6 0 5
8 0 5
9 3 5
6 5 5
10 4 5
6 4 4
7 5 4
10 0 4
9 5 4
7 8 4
7 8 4
7 8 4
6 3 4
8 8 4
6 8 4
9 5 4
7 8 4
8 4 4
8 4 4
7 1 4
7 7 4
10 4 4
9 7 4
7 4 4
10 8 3
10 1 3
7 8 3
7 3 3
7 4 3
8 0 3
6 2 3
8 2 3
6 5 3
6 4 3
6 3 3
9 1 3
7 2 3
7 7 3
9 0 3
6 3 3
10 6 3
6 2 3
10 0 3
6 4 3
7 4 3
6 0 2
9 3 2
9 1 2
7 1 2
10 6 2
10 2 2
8 6 2
9 0 2
8 5 2
8 3 2
10 5 2
7 8 2
6 8 2
7 6 2
9 2 2
8 7 2
6 3 2
10 6 2
7 2 2
6 0 2
6 0 2
6 1 1
7 3 1
9 4 1
8 4 1
8 3 1
8 2 1
8 2 1
10 5 1
10 6 1
6 6 1
6 0 1
9 6 1
7 4 1
8 2 1
9 7 1
10 2 1
6 0 1
7 8 1
7 5 1
9 7 1
9 8 1
9 2 1
10 3 1
8 3 1
7 7 1
10 3 1
