80 1
30 
8 4 5
9 8 5
10 7 5
8 1 5
6 1 5
8 5 5
7 5 5
8 0 5
10 1 5
6 4 5
9 6 5
9 8 5
9 2 5
6 3 5
6 2 4
9 4 4
9 5 4
8 7 4
7 0 4
7 8 4
7 6 4
6 1 4
10 8 4
9 2 4
8 1 4
10 8 4
8 3 4
7 1 4
6 4 4
10 8 4
9 0 4
6 8 4
10 4 4
10 3 3
7 8 3
9 4 3
9 6 3
9 3 3
9 8 3
9 6 3
8 5 3
8 1 3
10 5 3
10 5 3
8 2 3
7 6 3
8 1 3
6 0 3
10 6 3
10 8 3
10 8 3
6 1 2
9 3 2
10 1 2
8 1 2
6 6 2
10 6 2
10 8 2
8 1 2
10 0 2
10 8 2
8 8 2
6 5 2
10 6 2
7 7 2
8 0 2
10 8 2
10 0 2
7 6 2
6 3 1
8 5 1
8 6 1
7 8 1
9 8 1
10 5 1
9 3 1
7 1 1
8 0 1
7 1 1
6 2 1
