90 1
30 
7 4 5
8 7 5
9 3 5
9 4 5
6 6 5
6 3 5
6 5 5
10 0 5
8 1 5
7 2 5
9 7 5
9 5 5
8 4 5
10 5 4
7 0 4
7 8 4
7 0 4
8 4 4
6 2 4
10 2 4
7 5 4
7 8 4
8 6 4
8 1 4
7 0 4
7 5 4
8 1 4
10 8 4
9 2 3
8 0 3
9 3 3
8 3 3
6 4 3
8 4 3
10 3 3
7 5 3
10 3 3
8 2 3
9 8 3
6 4 3
7 5 3
7 5 3
9 4 3
7 1 3
8 8 2
6 7 2
7 6 2
8 6 2
9 3 2
9 0 2
10 6 2
10 3 2
7 4 2
6 7 2
9 5 2
8 3 2
8 8 2
8 0 2
9 3 2
8 8 2
10 2 2
9 3 2
8 4 2
8 2 1
10 8 1
7 8 1
7 6 1
6 4 1
6 2 1
7 0 1
10 4 1
10 5 1
8 0 1
10 1 1
7 7 1
10 5 1
7 6 1
8 2 1
8 4 1
9 4 1
7 1 1
8 8 1
10 7 1
6 1 1
8 0 1
6 0 1
8 5 1
9 4 1
10 2 1
10 2 1
