110 1
30 
10 0 5
7 1 5
8 0 5
10 8 5
9 5 5
7 0 5
6 6 5
9 0 5
9 4 5
8 3 5
6 4 5
10 8 5
6 8 5
8 4 5
8 8 5
7 8 5
6 3 5
10 4 5
7 6 5
8 2 5
10 0 5
6 8 5
8 4 5
10 7 5
7 1 5
8 2 5
8 2 5
10 8 5
8 4 5
9 0 5
7 7 5
10 2 5
10 5 5
7 0 4
10 6 4
10 1 4
10 7 4
10 1 4
10 5 4
9 4 4
7 0 4
7 7 4
9 3 4
10 2 4
10 4 4
10 7 4
10 3 4
8 1 4
9 5 4
10 7 4
8 7 4
9 2 4
8 4 4
8 4 4
8 0 4
10 8 3
6 4 3
9 2 3
10 1 3
9 8 3
8 0 3
8 6 3
9 1 3
8 5 3
10 5 3
8 3 3
9 7 3
10 6 3
7 8 3
9 2 3
8 8 3
10 3 3
6 8 2
7 1 2
6 2 2
7 7 2
7 8 2
10 4 2
6 7 2
9 4 2
8 6 2
7 1 2
10 5 2
10 5 2
8 7 2
9 0 2
9 1 2
8 8 2
10 1 2
8 5 2
6 8 2
9 4 2
9 0 2
6 2 1
9 4 1
10 7 1
6 6 1
9 5 1
6 0 1
8 0 1
7 6 1
9 1 1
10 0 1
10 4 1
8 6 1
10 6 1
6 0 1
10 4 1
8 1 1
7 7 1
