130 1
30 
6 2 5
7 4 5
10 2 5
8 8 5
10 6 5
7 2 5
7 4 5
10 0 5
7 1 5
8 3 5
6 7 5
6 8 5
8 2 5
6 6 5
8 7 5
6 4 5
9 5 5
7 3 5
9 7 5
7 0 5
6 4 5
9 3 5
6 6 5
9 5 5
6 7 5
7 1 5
10 8 4
10 2 4
6 4 4
8 5 4
10 1 4
10 4 4
6 4 4
8 3 4
10 2 4
8 8 4
10 3 4
6 6 4
9 4 4
9 2 4
7 7 4
9 7 4
6 8 4
10 4 4
9 8 4
6 1 4
7 2 4
9 6 4
9 2 4
9 8 4
7 5 4
8 3 3
6 6 3
9 7 3
10 7 3
8 6 3
10 0 3
7 2 3
8 7 3
8 2 3
8 7 3
9 5 3
9 6 3
7 6 3
8 6 3
9 3 3
7 5 3
7 3 3
7 2 3
8 1 3
10 4 3
8 4 3
10 3 3
7 6 3
7 6 3
6 5 3
10 0 3
8 1 3
8 5 2
10 2 2
7 8 2
8 8 2
6 6 2
10 2 2
6 3 2
7 8 2
8 7 2
9 8 2
6 5 2
6 3 2
8 8 2
10 2 2
7 8 2
6 8 2
7 7 2
7 7 2
7 5 2
8 2 2
6 3 2
6 4 2
7 4 2
8 0 2
6 5 1
6 2 1
8 4 1
6 0 1
7 5 1
9 6 1
7 3 1
10 3 1
8 4 1
8 1 1
10 2 1
6 6 1
9 6 1
6 6 1
9 7 1
8 5 1
8 6 1
9 3 1
7 8 1
7 7 1
10 2 1
6 1 1
9 6 1
9 8 1
10 2 1
8 7 1
6 5 1
6 7 1
