130 1
30 
6 8 5
9 8 5
10 2 5
9 2 5
6 0 5
8 8 5
10 8 5
7 7 5
9 1 5
10 4 5
8 8 5
8 5 5
6 0 5
8 1 5
10 8 5
8 6 5
8 0 5
8 0 5
6 5 5
7 7 5
8 2 5
9 5 4
10 7 4
8 1 4
6 5 4
10 7 4
9 2 4
8 8 4
10 3 4
6 1 4
8 1 4
8 0 4
7 5 4
8 0 4
8 0 4
7 8 4
6 1 4
9 3 4
7 6 4
8 0 4
8 4 4
9 1 4
10 4 4
6 2 4
6 4 4
6 6 4
9 2 4
8 4 4
7 3 4
6 5 4
9 1 4
8 2 4
9 3 4
8 6 3
10 1 3
7 8 3
7 6 3
10 2 3
9 0 3
9 7 3
8 1 3
6 6 3
9 1 3
7 1 3
10 5 3
10 4 3
7 3 3
10 4 3
10 2 3
7 5 3
10 8 3
8 3 3
10 8 3
6 6 3
10 8 3
10 1 2
8 5 2
10 2 2
7 3 2
9 6 2
9 0 2
6 0 2
9 4 2
7 1 2
9 2 2
7 1 2
6 3 2
8 8 2
9 7 2
7 5 2
8 8 2
8 5 2
9 5 2
10 1 2
8 1 2
6 1 2
10 8 2
8 7 2
10 7 2
9 4 2
7 1 2
9 7 2
7 2 2
8 5 1
7 2 1
7 1 1
9 4 1
10 0 1
6 6 1
7 0 1
7 3 1
9 1 1
7 1 1
6 3 1
7 2 1
10 7 1
7 8 1
9 1 1
9 1 1
9 1 1
10 2 1
10 0 1
6 6 1
10 6 1
8 5 1
8 8 1
8 5 1
9 3 1
9 3 1
7 2 1
