120 1
30 
10 5 5
8 1 5
9 2 5
10 8 5
10 5 5
7 7 5
8 0 5
8 5 5
10 0 5
8 1 5
6 7 5
7 6 5
9 1 5
6 6 5
6 5 5
10 6 5
10 2 5
6 1 5
8 8 5
7 7 5
9 1 5
9 7 4
7 0 4
6 4 4
8 0 4
10 2 4
7 2 4
8 2 4
6 3 4
8 7 4
9 1 4
7 8 4
8 4 4
6 5 4
6 0 4
7 3 4
6 0 4
10 0 4
8 8 4
10 5 4
8 8 3
10 2 3
10 7 3
9 7 3
9 1 3
6 6 3
6 6 3
9 1 3
6 0 3
8 0 3
8 1 3
10 6 3
6 2 3
6 2 3
7 7 3
6 0 3
6 8 3
7 0 3
10 7 3
8 7 3
10 3 3
10 1 2
6 6 2
6 5 2
7 6 2
6 3 2
6 1 2
8 0 2
8 7 2
8 1 2
6 5 2
8 8 2
9 4 2
7 0 2
9 6 2
6 7 2
10 7 2
6 6 2
8 0 2
10 0 2
10 4 2
6 0 2
7 0 2
10 5 2
10 3 1
6 4 1
8 6 1
7 6 1
10 7 1
7 7 1
10 0 1
10 3 1
7 8 1
6 4 1
10 1 1
7 2 1
7 0 1
9 6 1
7 6 1
10 3 1
9 6 1
10 7 1
9 8 1
7 0 1
9 0 1
8 0 1
6 0 1
10 2 1
6 6 1
7 7 1
8 6 1
9 1 1
9 8 1
8 3 1
6 7 1
9 6 1
9 6 1
9 5 1
8 1 1
10 0 1
