100 1
30 
9 7 5
9 4 5
6 8 5
6 5 5
9 6 5
10 3 5
7 2 5
8 6 5
8 8 5
9 1 5
9 8 5
10 0 5
7 7 5
7 4 5
9 5 5
7 5 5
10 0 5
7 5 5
6 7 5
9 5 5
8 6 5
9 3 5
9 0 4
6 7 4
7 0 4
10 2 4
8 0 4
8 0 4
9 2 4
8 4 4
8 3 4
9 8 4
6 3 4
9 2 4
7 2 4
10 7 4
8 5 4
8 7 4
7 0 4
7 5 4
9 2 4
6 3 4
8 0 4
9 8 4
6 8 4
9 3 4
6 3 4
6 1 3
7 8 3
10 8 3
10 1 3
9 3 3
9 6 3
9 1 3
10 7 3
7 3 3
6 1 3
10 2 3
10 3 3
7 2 3
9 3 3
10 8 3
9 6 3
7 1 3
10 6 3
8 3 3
6 8 3
10 0 2
7 2 2
10 6 2
7 6 2
10 3 2
9 3 2
9 0 2
8 5 2
6 8 2
9 8 2
9 4 2
8 3 2
7 8 2
8 2 2
8 7 2
6 0 2
6 3 2
10 2 2
9 6 2
10 0 2
7 3 1
7 6 1
10 5 1
10 8 1
6 1 1
8 5 1
8 7 1
7 5 1
10 7 1
10 0 1
9 0 1
6 0 1
6 2 1
