100 1
30 
9 6 5
10 5 5
10 1 5
8 4 5
6 7 5
6 7 5
10 0 5
6 5 5
7 2 5
7 5 5
6 7 5
10 5 5
9 1 5
8 5 5
6 3 5
6 4 5
10 8 5
10 4 5
8 0 5
8 3 4
10 6 4
7 3 4
8 5 4
8 8 4
7 4 4
9 8 4
7 0 4
9 2 4
8 7 4
6 3 4
6 4 4
8 8 4
9 1 4
6 3 4
9 0 4
10 5 4
10 1 4
8 8 4
8 5 4
6 2 4
7 5 4
10 7 4
6 7 3
8 8 3
9 7 3
10 4 3
8 2 3
10 7 3
8 5 3
7 8 3
10 8 3
6 4 3
6 1 3
7 8 3
10 7 3
6 0 3
6 7 3
7 6 3
6 6 3
9 6 3
8 1 3
8 6 3
6 8 2
8 5 2
7 1 2
10 1 2
7 2 2
9 1 2
7 1 2
6 2 2
6 3 2
8 4 2
10 6 2
9 4 2
7 5 2
9 7 2
7 8 2
10 8 2
7 7 2
8 1 2
10 6 2
6 4 2
8 7 2
7 5 2
8 3 2
9 7 2
6 5 1
6 0 1
6 7 1
10 3 1
8 0 1
8 1 1
8 1 1
6 3 1
7 1 1
6 4 1
7 6 1
7 0 1
7 4 1
9 8 1
