90 1
30 
7 5 5
7 6 5
10 6 5
8 7 5
7 3 5
6 0 5
10 5 5
7 0 5
6 3 5
6 7 5
10 8 5
9 3 5
7 2 5
8 2 5
6 3 5
7 5 4
10 4 4
9 3 4
9 0 4
8 1 4
6 2 4
6 3 4
10 7 4
8 4 4
8 4 4
8 6 4
10 2 4
9 2 4
6 5 4
8 3 4
10 7 3
8 7 3
8 0 3
8 3 3
8 1 3
7 1 3
6 1 3
7 1 3
8 2 3
7 7 3
8 0 3
7 5 3
6 3 3
10 4 3
8 3 3
6 2 3
8 8 3
8 5 3
10 2 3
7 4 2
7 7 2
8 3 2
10 0 2
9 4 2
8 8 2
8 0 2
8 5 2
7 4 2
10 3 2
9 4 2
9 5 2
7 2 2
7 8 2
8 8 2
9 2 2
6 0 2
6 2 2
9 6 2
8 2 2
7 7 2
6 1 1
7 0 1
9 6 1
7 7 1
8 6 1
8 6 1
9 1 1
6 1 1
9 3 1
9 8 1
9 8 1
7 1 1
8 2 1
9 6 1
8 3 1
8 5 1
7 2 1
6 5 1
7 8 1
6 2 1
