110 1
30 
8 8 5
8 2 5
8 2 5
6 2 5
10 8 5
6 8 5
8 0 5
8 7 5
8 2 5
8 7 5
10 6 5
9 2 5
9 8 5
10 7 5
6 8 5
8 0 5
10 3 5
7 4 4
7 5 4
6 6 4
10 8 4
7 6 4
10 6 4
7 2 4
8 6 4
7 7 4
8 1 4
6 3 4
8 3 4
8 4 4
10 6 4
10 2 4
6 5 4
8 2 4
6 2 4
8 7 4
8 3 4
10 1 4
10 4 4
10 4 4
6 8 4
6 7 3
7 1 3
6 4 3
10 4 3
6 7 3
8 8 3
9 4 3
6 7 3
8 7 3
8 8 3
7 2 3
9 1 3
8 0 3
7 5 3
10 3 3
7 3 3
7 7 3
7 5 3
10 3 3
6 6 3
9 2 3
9 3 3
6 0 3
7 7 2
10 0 2
6 8 2
10 1 2
6 3 2
6 2 2
9 7 2
10 0 2
8 1 2
10 8 2
9 2 2
6 5 2
10 2 2
10 3 2
8 8 2
8 1 2
10 1 2
10 0 2
6 3 2
8 0 1
10 2 1
6 3 1
7 4 1
10 3 1
8 1 1
10 5 1
9 0 1
8 8 1
6 0 1
6 3 1
10 4 1
6 1 1
10 0 1
7 8 1
9 5 1
10 0 1
6 5 1
8 7 1
7 2 1
7 4 1
9 3 1
6 0 1
9 2 1
9 4 1
7 5 1
8 2 1
