80 1
30 
8 7 5
6 8 5
7 2 5
7 3 5
9 2 5
9 0 5
10 5 5
7 0 5
8 4 5
6 8 5
10 3 5
9 7 5
9 4 5
7 3 5
6 4 5
6 1 5
6 7 5
8 2 5
10 2 5
7 6 4
7 7 4
7 6 4
7 5 4
9 4 4
7 0 4
8 7 4
9 3 4
7 4 4
8 0 4
10 2 4
8 4 4
8 3 4
7 4 4
6 3 4
9 2 4
8 2 3
9 2 3
8 8 3
8 2 3
9 3 3
8 6 3
8 5 3
9 7 3
7 5 3
9 1 3
10 0 3
8 8 3
6 1 3
6 2 3
10 1 3
6 8 2
7 6 2
8 2 2
8 1 2
6 1 2
10 3 2
10 6 2
10 8 2
6 4 2
7 8 2
10 3 2
9 0 2
7 8 1
8 4 1
10 0 1
10 7 1
10 3 1
8 6 1
10 4 1
9 8 1
7 2 1
6 8 1
8 2 1
7 2 1
9 0 1
8 1 1
7 6 1
9 4 1
9 6 1
6 2 1
