120 1
30 
7 5 5
10 7 5
10 2 5
9 2 5
6 8 5
6 0 5
7 8 5
9 7 5
9 7 5
10 0 5
6 1 5
8 8 5
8 3 5
7 8 5
6 2 5
6 2 5
9 7 4
10 6 4
7 4 4
8 4 4
7 7 4
10 8 4
7 6 4
7 6 4
6 7 4
7 4 4
7 8 4
10 3 4
6 3 4
9 0 4
6 2 4
8 6 4
9 6 4
6 6 4
7 7 3
9 1 3
8 1 3
10 8 3
10 8 3
6 1 3
10 0 3
7 2 3
8 4 3
9 3 3
6 8 3
7 4 3
10 1 3
7 3 3
8 5 3
8 1 3
7 5 3
9 6 3
10 2 3
6 4 3
10 3 3
10 7 3
7 6 3
6 7 3
8 1 3
10 5 3
10 7 3
9 3 2
10 0 2
9 0 2
8 6 2
7 5 2
7 5 2
7 5 2
6 1 2
9 3 2
10 6 2
10 2 2
10 3 2
6 1 2
10 3 2
8 8 2
9 8 2
9 6 2
6 3 2
7 4 2
6 3 2
10 4 2
8 7 2
9 7 2
6 1 2
8 1 2
7 2 2
9 6 2
8 7 2
6 7 2
8 5 2
6 2 2
10 1 2
7 3 1
8 7 1
7 2 1
9 3 1
10 5 1
6 3 1
8 0 1
7 1 1
7 1 1
10 7 1
6 1 1
7 3 1
9 8 1
7 3 1
8 6 1
6 0 1
10 1 1
8 2 1
6 3 1
8 1 1
6 5 1
6 3 1
10 0 1
7 4 1
7 1 1
10 8 1
8 6 1
