130 1
30 
8 8 5
10 4 5
10 6 5
10 0 5
7 3 5
9 3 5
8 6 5
7 3 5
8 1 5
9 0 5
9 6 5
8 3 5
6 7 5
10 0 5
9 7 5
7 8 5
7 4 5
9 8 5
7 6 5
10 5 4
7 5 4
6 2 4
8 5 4
6 3 4
6 0 4
10 6 4
8 3 4
7 7 4
10 6 4
6 1 4
10 5 4
8 8 4
9 6 4
6 4 4
10 3 4
10 1 4
7 3 4
10 1 4
9 4 4
10 8 4
10 1 4
7 0 4
9 0 4
9 6 3
10 5 3
9 0 3
8 4 3
10 1 3
6 2 3
7 1 3
8 0 3
7 1 3
8 2 3
10 5 3
8 0 3
6 8 3
10 1 3
7 4 3
8 0 3
9 0 3
10 1 3
9 8 3
9 7 3
10 0 3
7 4 3
8 1 3
10 4 3
6 0 3
10 6 3
7 6 2
9 7 2
6 4 2
9 0 2
9 8 2
6 3 2
10 8 2
6 4 2
9 6 2
8 8 2
9 3 2
8 3 2
10 7 2
7 0 2
10 1 2
6 7 2
9 3 2
7 8 2
10 2 2
10 4 2
8 0 2
7 6 2
8 0 2
7 4 2
8 0 2
9 6 2
9 8 2
8 1 2
8 3 2
7 2 1
8 4 1
7 8 1
7 5 1
6 2 1
7 3 1
8 1 1
10 2 1
9 8 1
6 1 1
7 7 1
6 5 1
7 5 1
7 8 1
7 1 1
7 3 1
8 8 1
7 7 1
8 1 1
9 1 1
7 6 1
7 2 1
7 4 1
6 2 1
9 8 1
6 0 1
10 1 1
9 8 1
9 4 1
9 6 1
9 0 1
6 5 1
