110 1
30 
6 0 5
10 0 5
6 6 5
7 3 5
9 2 5
10 3 5
7 7 5
9 8 5
10 7 5
8 1 5
9 7 5
8 8 5
10 8 5
6 5 5
6 2 5
9 6 5
8 2 5
9 8 5
9 0 4
9 7 4
9 1 4
9 8 4
9 6 4
9 3 4
10 3 4
6 3 4
10 0 4
7 6 4
8 0 4
7 8 4
10 5 4
9 4 4
7 7 4
9 7 4
9 5 4
10 4 4
9 0 4
6 6 4
7 6 4
7 7 4
6 4 3
6 1 3
9 2 3
9 2 3
6 0 3
8 7 3
7 7 3
10 8 3
7 6 3
10 7 3
9 5 3
8 3 3
10 0 3
8 7 3
7 3 3
10 8 3
7 4 3
6 7 3
6 2 3
8 5 3
8 5 3
9 6 3
9 6 2
6 8 2
7 4 2
6 6 2
6 0 2
7 3 2
10 2 2
7 6 2
6 8 2
9 0 2
10 2 2
8 0 2
8 5 2
7 1 2
6 6 2
8 1 2
6 0 2
10 5 2
6 3 2
8 1 2
7 1 2
10 1 2
10 2 2
6 4 2
8 3 2
9 6 2
6 5 2
9 6 1
10 7 1
8 1 1
10 7 1
8 8 1
8 1 1
7 0 1
10 4 1
8 4 1
9 0 1
9 7 1
9 6 1
9 5 1
8 4 1
8 4 1
9 8 1
10 1 1
7 7 1
7 2 1
6 0 1
7 2 1
