120 1
30 
9 1 5
9 6 5
6 1 5
8 7 5
8 4 5
7 3 5
9 2 5
10 6 5
9 6 5
8 5 5
10 0 5
8 4 5
10 4 5
9 8 5
9 7 5
9 1 5
10 0 5
9 4 5
9 1 5
10 6 5
10 5 5
7 3 5
6 6 5
8 1 4
8 2 4
7 1 4
9 6 4
7 6 4
7 8 4
8 7 4
8 7 4
7 8 4
7 4 4
8 2 4
6 2 4
8 4 4
7 1 4
9 2 4
7 4 4
6 3 4
8 2 4
10 3 4
7 5 4
10 6 4
7 8 4
8 5 4
7 0 4
10 3 4
6 0 4
8 4 4
7 5 3
10 5 3
10 0 3
7 5 3
8 3 3
7 8 3
10 8 3
7 2 3
8 7 3
8 0 3
7 6 3
9 2 3
6 1 3
6 4 3
6 5 3
9 8 3
9 3 3
7 5 3
9 6 3
10 6 3
10 3 3
9 8 3
8 3 3
8 1 3
10 4 3
9 2 3
6 2 3
10 5 3
6 2 3
9 7 2
9 8 2
8 7 2
8 2 2
8 2 2
7 5 2
10 7 2
9 4 2
8 6 2
9 3 2
8 0 2
9 5 2
10 5 2
7 3 2
10 1 2
8 1 2
8 5 2
8 0 2
8 0 2
9 0 2
9 5 2
9 5 2
9 4 2
10 7 2
9 8 2
9 2 1
9 2 1
8 7 1
10 3 1
7 5 1
8 8 1
6 8 1
10 4 1
10 7 1
10 6 1
9 1 1
10 5 1
8 6 1
10 8 1
9 5 1
9 1 1
