120 1
30 
7 3 5
8 5 5
9 2 5
8 5 5
6 7 5
8 6 5
6 4 5
10 7 5
6 5 5
9 1 5
10 4 5
8 3 5
9 5 5
7 4 5
6 3 5
10 6 5
6 4 5
9 0 5
6 1 5
7 5 5
8 7 5
7 8 5
6 7 5
6 3 5
8 7 5
7 3 5
10 3 5
7 5 5
9 7 5
6 4 4
10 1 4
9 1 4
6 5 4
6 2 4
9 1 4
7 0 4
9 5 4
8 4 4
10 5 4
8 1 4
6 6 4
10 7 4
6 1 4
7 1 4
7 2 4
9 1 4
6 1 4
8 8 4
9 0 4
8 4 4
9 5 3
6 5 3
7 8 3
8 8 3
6 6 3
7 1 3
9 3 3
7 6 3
10 2 3
10 1 3
6 3 3
8 3 3
9 5 3
8 3 3
7 6 3
9 5 3
8 8 3
9 7 3
10 2 3
8 1 3
8 3 2
6 8 2
10 4 2
9 8 2
6 6 2
7 3 2
7 0 2
9 8 2
10 6 2
10 5 2
10 3 2
6 6 2
10 6 2
7 4 2
9 0 2
10 2 2
10 3 2
8 7 2
7 5 2
6 0 2
8 2 2
9 5 2
6 5 2
10 1 2
8 3 2
7 2 2
10 4 2
9 0 1
8 6 1
8 8 1
10 3 1
10 4 1
9 5 1
8 4 1
7 2 1
6 2 1
7 7 1
6 1 1
8 2 1
7 6 1
6 1 1
6 0 1
7 7 1
8 4 1
6 3 1
7 6 1
10 0 1
10 1 1
7 5 1
6 4 1
