100 1
30 
9 7 5
9 0 5
9 6 5
9 7 5
6 8 5
9 4 5
6 7 5
8 2 5
7 3 5
8 2 5
7 7 5
10 2 5
10 3 5
9 1 5
10 5 5
7 5 5
8 2 5
8 6 5
9 2 5
8 3 5
6 1 5
10 3 5
8 2 5
9 6 5
8 5 4
10 2 4
8 4 4
9 1 4
9 3 4
8 5 4
7 6 4
10 5 4
9 0 4
7 8 4
10 6 4
6 3 4
10 0 4
8 3 4
9 4 4
8 3 4
7 7 4
7 4 4
8 3 4
6 3 4
10 4 4
7 3 4
6 1 4
7 0 4
8 5 4
8 6 3
7 8 3
7 5 3
9 6 3
7 8 3
9 0 3
7 4 3
8 8 3
6 3 3
6 0 3
6 4 3
6 7 3
9 1 3
9 5 3
7 8 3
10 8 3
9 3 3
7 4 3
9 1 3
10 2 3
8 4 3
8 1 2
7 3 2
10 6 2
7 6 2
10 6 2
9 7 2
9 6 2
6 6 2
9 2 2
7 5 2
9 3 2
9 1 2
8 0 2
9 5 2
6 7 2
6 1 1
6 3 1
9 3 1
10 5 1
7 1 1
10 1 1
9 5 1
6 2 1
10 2 1
8 7 1
8 3 1
6 6 1
9 6 1
7 0 1
9 5 1
