90 1
30 
6 4 5
10 4 5
9 2 5
9 3 5
6 8 5
8 0 5
9 1 5
8 5 5
10 2 5
7 3 5
9 5 5
9 1 5
10 2 5
8 2 5
6 0 5
7 0 5
9 5 5
6 2 5
7 3 5
6 0 4
10 3 4
7 5 4
7 5 4
9 2 4
6 8 4
6 3 4
10 4 4
9 0 4
9 6 4
9 2 4
10 1 4
8 6 4
9 5 4
7 7 4
9 5 4
8 1 4
8 8 3
7 8 3
7 8 3
7 7 3
9 5 3
8 8 3
7 3 3
6 0 3
6 3 3
9 1 3
7 1 3
8 3 3
9 0 3
10 4 3
8 0 3
10 8 3
10 8 3
10 5 3
10 3 3
7 0 3
6 5 2
8 2 2
9 8 2
10 2 2
6 6 2
9 8 2
10 4 2
7 0 2
8 8 2
7 6 2
6 5 2
6 8 2
7 6 2
6 7 2
8 5 2
8 4 2
9 6 2
10 0 2
9 3 1
7 1 1
9 0 1
6 1 1
9 2 1
9 2 1
9 4 1
6 8 1
6 8 1
8 8 1
6 3 1
9 1 1
7 1 1
8 1 1
7 0 1
9 6 1
