120 1
30 
9 6 5
6 2 5
6 1 5
9 8 5
9 3 5
6 7 5
10 2 5
8 8 5
6 8 5
9 7 5
7 7 5
7 8 5
8 7 5
8 6 5
10 1 5
6 4 5
6 3 5
7 3 5
9 8 5
8 8 5
10 7 5
6 1 5
6 5 4
10 7 4
6 8 4
8 3 4
8 4 4
6 8 4
7 4 4
8 4 4
9 0 4
7 1 4
7 4 4
9 3 4
9 5 4
8 6 4
8 3 4
7 5 4
9 1 4
6 8 4
9 2 4
6 2 4
6 7 4
10 5 4
7 1 4
8 1 4
8 4 4
7 2 4
7 0 4
8 0 4
7 2 4
8 1 4
10 1 3
9 4 3
6 2 3
7 3 3
8 3 3
9 3 3
6 3 3
10 5 3
7 2 3
6 2 3
8 3 3
7 1 3
7 2 3
10 3 3
7 2 3
6 8 3
7 6 3
9 1 3
7 0 3
7 3 3
6 0 3
8 6 3
9 3 2
9 3 2
10 5 2
9 4 2
10 0 2
7 0 2
8 2 2
9 2 2
10 1 2
8 4 2
8 4 2
7 8 2
9 1 2
10 4 2
8 8 2
6 3 2
7 4 2
9 1 2
7 6 2
7 8 2
10 1 2
10 7 2
8 7 2
9 2 2
8 6 2
8 6 2
6 0 2
7 0 2
6 3 2
8 3 2
6 2 1
9 0 1
6 0 1
9 1 1
7 2 1
10 7 1
9 4 1
7 6 1
8 1 1
9 0 1
8 5 1
6 8 1
8 4 1
7 1 1
7 8 1
7 7 1
