130 1
30 
7 2 5
7 5 5
9 2 5
6 0 5
6 5 5
10 5 5
8 8 5
6 5 5
9 0 5
6 6 5
6 3 5
9 2 5
8 5 5
9 8 5
7 3 5
10 5 5
9 8 5
8 8 5
8 4 5
7 1 5
6 6 5
7 6 5
10 5 5
7 6 5
6 5 4
9 0 4
9 6 4
9 4 4
8 1 4
8 6 4
6 6 4
10 5 4
10 5 4
6 3 4
8 5 4
6 0 4
9 6 4
6 1 4
6 1 4
9 4 4
8 8 4
9 4 4
6 8 4
6 0 4
9 4 4
7 6 4
10 3 4
7 8 4
10 6 4
9 2 4
10 0 4
9 2 4
8 4 4
8 3 4
8 5 3
8 7 3
6 5 3
8 3 3
10 1 3
7 6 3
8 1 3
6 5 3
9 5 3
10 4 3
10 4 3
10 0 3
9 6 3
8 5 3
10 0 3
7 1 3
7 6 3
10 7 3
8 1 3
6 7 3
9 2 3
9 7 3
8 5 3
6 8 3
10 6 3
6 5 3
6 6 3
10 7 3
6 2 2
7 4 2
6 1 2
8 8 2
8 3 2
10 5 2
8 5 2
6 2 2
9 0 2
9 6 2
9 3 2
7 3 2
6 1 2
6 8 2
9 1 2
6 6 2
8 7 2
9 4 2
9 4 2
7 5 2
7 7 2
10 5 2
10 1 2
6 3 2
9 4 2
6 7 2
7 3 1
7 8 1
7 2 1
10 5 1
10 8 1
7 2 1
7 6 1
7 3 1
8 4 1
7 8 1
10 6 1
8 3 1
10 7 1
8 5 1
8 3 1
7 6 1
6 7 1
10 7 1
6 3 1
7 8 1
6 2 1
6 5 1
