100 1
30 
8 3 5
8 6 5
8 0 5
6 2 5
9 7 5
7 1 5
9 7 5
10 8 5
9 7 5
8 6 5
9 3 5
10 2 5
6 6 5
6 0 5
6 4 5
8 1 5
6 7 4
8 5 4
10 4 4
7 3 4
10 0 4
6 3 4
6 3 4
9 6 4
8 6 4
6 4 4
7 5 4
9 1 4
9 7 4
10 8 4
7 3 4
6 6 4
6 4 4
9 4 4
10 1 4
9 8 4
7 5 3
7 4 3
9 3 3
9 5 3
8 3 3
9 2 3
9 1 3
7 4 3
9 1 3
6 8 3
6 3 3
10 5 3
6 1 3
9 5 3
7 5 3
7 4 3
8 4 3
9 0 3
6 8 3
7 3 3
7 1 3
8 4 3
9 8 2
9 6 2
8 8 2
10 8 2
8 2 2
10 8 2
6 2 2
10 6 2
10 6 2
8 6 2
10 4 2
8 3 2
6 3 2
8 7 2
8 7 2
6 2 2
6 8 2
7 6 2
9 3 2
8 3 2
6 6 1
8 3 1
7 4 1
8 4 1
7 6 1
6 1 1
7 8 1
7 3 1
6 0 1
8 3 1
6 7 1
9 0 1
9 6 1
10 8 1
10 8 1
8 0 1
9 1 1
6 1 1
8 2 1
9 2 1
9 6 1
10 7 1
