110 1
30 
10 0 5
10 0 5
8 3 5
9 8 5
6 1 5
9 3 5
10 4 5
9 2 5
10 2 5
7 8 5
6 1 5
9 3 5
7 4 5
6 1 5
9 2 5
7 8 5
10 0 5
9 3 5
8 5 5
8 6 5
10 2 5
8 3 5
6 5 5
9 6 5
7 3 5
8 3 5
9 7 5
6 3 4
7 4 4
10 0 4
10 3 4
6 3 4
7 4 4
9 5 4
10 6 4
9 5 4
10 4 4
9 7 4
7 6 4
7 0 4
10 7 4
7 0 4
9 3 4
7 8 4
6 2 4
7 1 4
7 6 4
10 1 4
6 5 4
7 5 4
7 1 4
9 2 4
8 1 4
6 7 4
10 1 4
7 3 3
10 7 3
8 6 3
8 0 3
8 8 3
8 5 3
7 8 3
8 8 3
7 0 3
8 3 3
8 1 3
7 1 3
10 1 3
7 4 3
9 2 3
8 5 3
6 3 3
10 6 3
8 7 3
9 2 3
10 8 3
6 6 3
9 6 3
6 0 3
8 1 3
10 4 3
9 2 2
8 7 2
9 8 2
6 4 2
6 1 2
9 5 2
9 5 2
7 6 2
6 0 2
7 5 2
8 3 2
10 3 2
7 0 2
9 3 2
9 8 2
10 4 2
6 7 1
7 7 1
10 5 1
7 7 1
6 6 1
6 8 1
6 2 1
6 3 1
9 5 1
10 1 1
9 7 1
7 7 1
8 1 1
