120 1
30 
10 1 5
8 7 5
10 0 5
10 8 5
9 1 5
8 4 5
8 2 5
8 1 5
10 5 5
6 4 5
6 6 5
9 5 5
6 0 5
9 8 5
7 2 5
10 3 5
10 6 5
9 3 5
10 0 5
8 7 5
9 2 5
8 3 5
7 5 5
8 1 5
6 2 5
8 8 5
7 5 5
7 2 4
9 3 4
10 3 4
7 3 4
9 1 4
9 2 4
9 3 4
7 4 4
8 0 4
9 2 4
7 3 4
9 2 4
7 1 4
6 1 4
9 4 4
10 3 4
10 4 4
10 3 4
7 6 4
9 5 4
10 4 4
9 8 3
10 7 3
10 7 3
10 8 3
7 0 3
8 1 3
6 5 3
7 4 3
8 2 3
8 0 3
9 3 3
7 4 3
6 2 3
7 5 3
10 6 3
8 6 3
10 4 3
9 2 3
10 7 3
9 4 3
9 5 3
9 1 3
9 1 3
10 6 3
10 8 3
9 2 3
10 2 3
6 0 3
7 3 2
9 6 2
9 1 2
6 2 2
9 6 2
10 3 2
8 6 2
9 5 2
8 4 2
7 2 2
9 7 2
10 8 2
7 3 2
9 2 2
6 7 2
10 0 2
8 5 2
10 1 2
6 3 2
9 8 2
7 4 2
8 6 2
7 2 2
8 0 2
9 4 1
6 6 1
7 3 1
6 2 1
10 7 1
10 0 1
9 1 1
7 2 1
8 3 1
10 1 1
7 2 1
10 4 1
7 6 1
10 8 1
6 5 1
8 4 1
6 1 1
7 3 1
6 0 1
6 5 1
