110 1
30 
9 2 5
9 3 5
8 7 5
6 3 5
6 3 5
8 6 5
7 3 5
6 7 5
6 7 5
8 6 5
6 2 5
6 4 5
7 3 5
9 2 5
6 8 5
8 2 5
9 6 5
10 8 5
7 3 5
10 1 5
6 4 5
10 4 5
6 1 4
8 8 4
7 8 4
7 1 4
7 7 4
9 7 4
9 0 4
9 8 4
7 4 4
7 0 4
6 2 4
7 3 4
10 1 4
7 2 4
8 8 4
10 8 4
10 2 4
9 6 4
10 8 4
6 7 4
7 0 3
9 4 3
7 5 3
10 6 3
7 1 3
6 6 3
9 7 3
9 4 3
6 2 3
6 3 3
9 0 3
8 2 3
9 5 3
7 4 3
6 4 3
9 2 3
7 8 3
10 7 3
9 5 3
10 5 3
8 7 3
8 8 3
6 3 3
6 6 3
7 2 3
8 8 3
7 0 2
9 5 2
9 5 2
7 6 2
10 5 2
9 0 2
9 4 2
7 8 2
7 6 2
8 5 2
8 4 2
10 4 2
6 6 2
6 5 2
8 5 2
7 2 2
8 3 2
8 7 2
6 5 2
9 3 2
9 4 2
7 0 2
8 1 2
9 3 2
6 2 2
9 2 2
8 6 1
10 2 1
9 0 1
9 2 1
10 5 1
7 0 1
6 8 1
6 2 1
6 1 1
10 3 1
9 1 1
10 6 1
9 3 1
6 5 1
6 3 1
8 0 1
