120 1
30 
6 0 5
9 6 5
10 3 5
10 2 5
9 7 5
8 7 5
10 2 5
7 1 5
6 5 5
6 5 5
9 7 5
6 3 5
6 5 5
6 4 5
6 1 5
10 5 5
9 7 5
9 6 5
10 5 5
8 1 5
10 2 5
6 1 5
8 0 5
10 7 5
6 3 5
6 0 5
6 1 5
9 6 5
7 6 5
7 6 5
7 6 4
9 6 4
8 4 4
6 7 4
9 8 4
10 5 4
10 5 4
8 4 4
10 4 4
8 3 4
7 2 4
6 7 4
10 3 4
10 2 4
9 4 4
7 0 4
8 4 4
9 7 4
8 8 4
10 3 4
9 7 4
8 3 3
6 0 3
9 8 3
9 3 3
6 3 3
6 0 3
10 1 3
6 3 3
7 3 3
10 4 3
10 3 3
6 5 3
7 8 3
9 2 3
7 4 3
7 5 3
9 7 3
6 0 3
8 0 3
8 7 3
8 3 3
9 3 3
6 0 3
7 2 3
10 2 3
8 6 3
8 6 2
7 7 2
6 1 2
10 1 2
10 6 2
6 3 2
6 0 2
7 3 2
6 1 2
8 6 2
6 5 2
7 6 2
10 3 2
7 7 2
7 0 2
9 7 2
10 2 2
6 5 2
8 5 2
10 2 2
6 8 2
9 6 2
7 2 1
10 2 1
8 0 1
10 5 1
6 6 1
8 6 1
7 1 1
8 2 1
9 8 1
7 2 1
7 3 1
6 3 1
7 2 1
9 4 1
7 1 1
10 1 1
10 0 1
8 8 1
10 4 1
8 4 1
6 2 1
