90 1
30 
9 1 5
6 8 5
8 4 5
9 1 5
9 8 5
6 0 5
10 7 5
10 0 5
8 7 5
6 4 5
8 7 5
10 5 5
8 0 5
7 3 5
10 4 5
6 6 5
10 0 5
10 8 5
8 8 5
6 3 4
6 7 4
6 7 4
7 3 4
6 3 4
9 5 4
6 5 4
10 1 4
8 8 4
7 2 4
9 6 4
9 6 4
9 2 4
9 4 4
9 5 4
8 5 4
6 2 4
6 5 4
9 4 4
10 4 4
10 3 4
8 6 4
10 8 3
8 1 3
10 4 3
6 1 3
10 1 3
7 1 3
9 6 3
7 7 3
10 8 3
7 1 3
7 8 3
10 3 3
9 0 3
7 5 3
9 2 3
7 1 3
9 8 2
7 6 2
10 4 2
9 0 2
7 8 2
10 4 2
10 8 2
6 8 2
10 7 2
7 7 2
10 5 2
8 0 2
6 0 2
10 4 2
7 5 1
7 7 1
8 8 1
8 8 1
6 7 1
7 7 1
7 7 1
10 4 1
6 7 1
7 7 1
7 7 1
8 0 1
6 7 1
9 8 1
10 6 1
6 2 1
9 3 1
7 7 1
6 8 1
