80 1
30 
6 5 5
7 2 5
8 8 5
9 6 5
6 7 5
8 7 5
9 3 5
10 3 5
6 0 5
9 0 5
6 3 5
9 4 5
7 8 5
8 2 5
8 6 5
10 1 5
10 3 4
9 0 4
9 3 4
10 1 4
6 3 4
6 3 4
10 1 4
8 6 4
6 2 4
6 7 4
8 2 4
10 7 4
6 7 4
7 6 4
9 8 4
8 1 3
8 5 3
8 0 3
9 8 3
9 1 3
10 5 3
8 7 3
8 4 3
7 1 3
10 3 3
9 2 3
8 5 3
8 4 3
10 0 3
8 0 3
8 6 2
9 0 2
9 3 2
8 2 2
9 0 2
8 2 2
8 3 2
7 7 2
6 1 2
9 8 2
10 1 2
8 1 2
6 5 2
10 3 2
8 1 2
7 5 2
10 0 2
8 3 2
7 0 2
6 4 2
7 2 2
9 2 1
10 5 1
6 0 1
10 1 1
9 6 1
7 7 1
10 4 1
10 3 1
6 7 1
10 2 1
9 8 1
10 0 1
9 1 1
