80 1
30 
9 5 5
8 3 5
8 8 5
10 5 5
7 2 5
9 5 5
7 8 5
9 7 5
9 3 5
7 1 5
8 7 5
6 4 5
6 2 5
7 2 5
10 0 5
8 0 5
7 0 5
9 6 4
9 8 4
10 7 4
7 1 4
9 7 4
7 3 4
8 3 4
10 8 4
9 3 4
9 2 4
8 4 4
7 8 4
7 2 4
9 7 4
7 8 4
7 3 4
6 3 4
6 7 4
6 6 4
6 3 4
9 6 4
6 4 4
7 0 3
7 5 3
9 7 3
8 5 3
6 0 3
10 6 3
7 6 3
7 0 3
6 6 3
7 0 3
10 8 3
10 4 3
8 8 3
6 2 3
6 2 2
9 6 2
6 8 2
10 6 2
9 5 2
6 2 2
10 5 2
6 0 2
7 6 2
8 7 2
7 7 2
6 0 2
8 6 1
7 4 1
8 7 1
10 8 1
7 3 1
7 6 1
8 0 1
6 2 1
8 2 1
8 3 1
8 6 1
10 4 1
9 4 1
8 3 1
6 3 1
