100 1
30 
7 1 5
7 3 5
6 1 5
8 3 5
7 1 5
10 3 5
9 5 5
6 4 5
7 4 5
9 3 5
7 6 5
7 6 5
6 5 5
9 6 5
10 0 5
10 4 5
10 2 5
6 0 5
10 4 5
8 3 5
10 8 5
8 7 5
8 2 5
9 0 5
7 6 5
9 0 5
8 5 4
10 6 4
6 7 4
9 8 4
9 3 4
10 7 4
8 0 4
6 8 4
6 6 4
7 3 4
6 8 4
8 8 4
6 5 4
6 0 4
9 2 4
9 3 4
10 3 4
7 3 4
9 3 4
6 4 3
10 5 3
7 7 3
10 4 3
6 6 3
7 8 3
6 8 3
8 4 3
10 7 3
10 4 3
8 8 3
10 6 3
6 4 3
7 1 3
10 1 3
9 2 3
8 0 3
6 3 3
7 1 3
10 5 2
7 3 2
7 1 2
6 5 2
9 2 2
10 7 2
8 5 2
10 1 2
10 0 2
9 6 2
10 2 2
6 6 2
10 3 2
6 3 2
7 7 2
6 0 2
7 8 2
8 2 2
6 7 2
7 1 2
7 4 2
9 5 2
10 8 1
8 0 1
10 1 1
7 4 1
10 4 1
6 7 1
10 4 1
9 1 1
10 2 1
9 3 1
10 4 1
10 0 1
10 1 1
7 3 1
