80 1
30 
7 7 5
9 2 5
10 0 5
6 5 5
7 7 5
6 2 5
8 8 5
10 8 5
7 6 5
10 5 5
7 2 5
8 5 5
7 7 4
10 1 4
7 8 4
8 4 4
8 5 4
10 7 4
9 8 4
10 1 4
9 4 4
7 4 4
8 6 4
9 5 4
10 4 3
8 0 3
6 4 3
10 7 3
8 0 3
8 6 3
10 0 3
7 6 3
10 5 3
8 0 3
7 2 3
7 3 3
8 5 3
9 0 3
7 6 3
6 7 3
8 3 3
10 0 3
9 3 3
8 7 3
9 2 2
9 4 2
8 1 2
7 7 2
10 2 2
9 2 2
9 7 2
8 4 2
6 8 2
7 3 2
9 0 2
7 7 2
7 0 2
9 1 2
10 4 2
10 6 1
6 0 1
6 4 1
9 3 1
8 0 1
7 3 1
8 3 1
10 1 1
6 4 1
9 7 1
6 4 1
6 0 1
6 0 1
10 0 1
7 1 1
10 4 1
6 5 1
6 4 1
8 8 1
7 8 1
10 2 1
