120 1
30 
8 7 5
10 6 5
10 3 5
6 2 5
7 8 5
10 5 5
6 5 5
6 4 5
6 8 5
10 0 5
8 0 5
8 0 5
7 1 5
8 1 5
10 1 5
10 4 5
8 0 5
10 0 5
10 0 5
10 4 5
8 4 5
9 5 5
9 6 5
7 8 5
6 6 5
6 1 4
9 7 4
6 4 4
9 7 4
8 3 4
10 2 4
6 4 4
9 0 4
7 3 4
7 4 4
7 0 4
9 8 4
9 5 4
10 5 4
9 0 4
10 0 4
9 6 4
7 0 4
7 3 4
10 3 4
7 7 4
8 4 4
9 1 4
10 8 4
7 6 3
9 6 3
6 7 3
6 1 3
7 7 3
7 2 3
7 1 3
6 5 3
9 8 3
8 3 3
8 1 3
9 7 3
6 3 3
6 4 3
7 3 3
6 6 3
8 4 3
6 1 3
10 6 3
6 4 3
6 3 3
6 7 3
8 7 3
7 1 3
7 8 3
6 1 3
9 3 3
6 3 2
6 7 2
7 6 2
6 6 2
9 4 2
9 0 2
8 3 2
6 4 2
6 1 2
10 8 2
8 4 2
10 8 2
8 6 2
6 4 2
9 6 2
8 4 2
6 8 2
8 5 2
8 5 2
9 4 2
7 1 2
8 6 2
6 2 2
10 0 1
7 4 1
6 8 1
6 3 1
7 8 1
10 7 1
10 7 1
10 6 1
6 6 1
9 6 1
10 3 1
10 4 1
8 2 1
10 0 1
6 8 1
10 2 1
8 1 1
7 2 1
8 1 1
10 0 1
6 4 1
