110 1
30 
10 2 5
10 8 5
7 4 5
9 6 5
6 0 5
8 8 5
8 0 5
6 5 5
8 1 5
9 4 5
8 7 5
9 8 5
6 7 5
7 8 5
8 8 5
7 4 5
10 5 5
8 8 5
8 6 5
7 2 5
10 8 5
6 3 5
9 8 5
7 2 4
10 1 4
6 3 4
8 4 4
9 4 4
10 1 4
9 6 4
8 6 4
6 5 4
8 0 4
6 2 4
6 6 4
6 3 4
6 0 4
6 5 4
7 2 4
8 4 4
10 4 4
8 1 4
8 1 4
9 1 4
9 3 4
7 0 3
6 7 3
8 4 3
8 2 3
8 8 3
10 3 3
6 1 3
7 7 3
8 2 3
10 2 3
6 7 3
8 3 3
8 3 3
10 6 3
9 7 3
6 3 3
8 6 3
9 1 3
6 1 3
10 8 3
6 1 3
6 5 3
6 1 3
6 6 2
8 0 2
7 7 2
10 5 2
9 6 2
6 8 2
7 5 2
6 3 2
8 3 2
9 6 2
6 7 2
10 8 2
10 6 2
9 3 2
8 0 2
7 5 2
8 2 2
7 5 2
10 1 2
9 6 2
6 2 2
10 3 2
10 0 2
7 1 1
7 7 1
6 4 1
9 3 1
9 2 1
6 3 1
8 6 1
10 7 1
7 5 1
9 4 1
10 1 1
9 5 1
8 0 1
10 1 1
10 3 1
8 2 1
9 5 1
7 0 1
9 8 1
