110 1
30 
6 5 5
7 2 5
8 4 5
8 7 5
7 4 5
7 8 5
6 0 5
9 0 5
8 5 5
10 8 5
10 5 5
8 4 5
7 5 5
10 2 5
9 7 5
6 7 5
10 8 5
6 6 5
10 0 5
7 7 5
9 1 5
8 5 5
6 3 5
6 1 5
10 3 5
8 5 4
9 8 4
9 8 4
6 0 4
10 1 4
7 6 4
7 1 4
9 0 4
7 0 4
10 3 4
9 6 4
10 0 4
10 7 4
8 4 4
6 8 4
10 6 4
9 7 4
8 5 4
9 6 4
6 6 4
9 2 4
6 2 4
9 3 4
9 0 3
10 6 3
7 6 3
7 3 3
8 5 3
9 1 3
10 4 3
9 2 3
8 7 3
6 1 3
10 3 3
6 2 3
9 8 3
6 5 3
10 7 2
7 6 2
9 0 2
10 6 2
7 3 2
9 3 2
8 4 2
7 3 2
6 8 2
8 5 2
9 0 2
10 2 2
8 8 2
10 2 2
9 4 2
7 4 2
9 4 2
10 4 2
7 0 2
7 6 2
10 7 2
6 0 1
10 6 1
7 8 1
6 2 1
10 2 1
7 5 1
8 6 1
10 8 1
10 2 1
8 6 1
9 6 1
9 2 1
9 2 1
7 6 1
10 3 1
10 5 1
8 6 1
10 1 1
8 6 1
6 0 1
7 8 1
7 8 1
10 5 1
9 3 1
8 2 1
9 6 1
8 3 1
