80 1
30 
6 3 5
8 5 5
6 0 5
8 8 5
9 8 5
10 3 5
10 2 5
8 0 5
8 6 5
7 8 5
10 2 5
10 2 5
6 2 5
7 7 5
6 4 5
6 3 5
9 7 5
7 1 5
8 8 5
10 5 5
9 8 5
9 6 4
8 1 4
6 4 4
6 0 4
7 0 4
7 6 4
8 3 4
6 0 4
10 3 4
6 4 4
8 8 4
7 1 4
7 1 4
6 3 4
7 8 4
10 6 4
8 3 3
8 7 3
7 6 3
8 5 3
7 1 3
6 1 3
7 3 3
9 1 3
10 5 3
10 0 3
6 6 3
8 1 3
8 8 3
7 8 2
10 5 2
7 2 2
10 1 2
10 3 2
7 1 2
10 6 2
8 7 2
6 6 2
7 7 2
6 3 2
10 4 2
8 4 2
10 3 2
8 7 2
7 0 2
10 0 2
7 8 2
9 3 1
8 0 1
6 2 1
10 2 1
7 8 1
8 4 1
8 3 1
7 2 1
6 5 1
6 1 1
9 7 1
10 6 1
