130 1
30 
8 7 5
6 1 5
6 0 5
9 6 5
9 3 5
6 2 5
10 8 5
6 7 5
8 5 5
8 5 5
6 3 5
9 5 5
6 6 5
6 2 5
9 8 5
9 3 5
6 2 5
9 6 5
8 5 5
7 3 5
10 1 5
7 3 5
6 4 5
10 5 5
9 1 5
6 8 5
10 1 4
6 6 4
7 6 4
10 4 4
6 1 4
8 7 4
10 7 4
6 8 4
10 5 4
6 4 4
10 8 4
8 5 4
7 1 4
8 0 4
8 3 4
7 1 4
6 0 4
6 7 4
6 2 4
8 2 4
10 5 4
8 8 4
10 6 4
7 6 4
8 0 4
6 1 4
6 7 3
9 7 3
8 8 3
6 0 3
8 6 3
9 2 3
7 2 3
6 5 3
10 4 3
6 0 3
6 3 3
7 3 3
6 1 3
8 6 3
8 4 3
10 4 3
7 5 3
10 6 3
7 5 3
9 4 3
7 3 3
7 4 2
6 5 2
8 2 2
9 3 2
8 8 2
7 7 2
9 0 2
10 8 2
7 5 2
7 8 2
6 7 2
10 4 2
6 3 2
7 3 2
10 6 2
7 8 2
9 6 2
6 8 2
6 3 2
9 0 2
8 7 2
6 8 2
8 4 2
6 0 2
10 2 2
10 8 2
9 6 2
6 7 2
9 4 1
9 2 1
6 1 1
6 1 1
8 5 1
10 0 1
8 0 1
6 0 1
9 5 1
8 0 1
8 3 1
6 4 1
10 5 1
6 2 1
6 4 1
9 6 1
8 3 1
10 6 1
8 2 1
7 5 1
10 4 1
9 2 1
9 3 1
7 6 1
10 0 1
9 4 1
9 5 1
8 6 1
9 2 1
