120 1
30 
7 2 5
9 6 5
10 2 5
9 7 5
9 2 5
8 8 5
6 1 5
9 2 5
6 2 5
7 3 5
9 2 5
8 0 5
9 6 5
7 3 5
10 8 5
7 5 5
6 0 5
10 7 5
8 2 5
6 3 5
6 6 5
7 3 5
10 5 5
10 3 4
6 8 4
9 2 4
10 5 4
10 4 4
8 5 4
10 2 4
8 6 4
8 2 4
9 2 4
10 5 4
9 5 4
7 3 4
8 1 4
9 0 4
10 4 4
8 0 4
10 2 4
8 2 4
8 6 4
7 5 4
8 6 3
9 5 3
7 3 3
6 8 3
6 1 3
8 2 3
8 5 3
9 8 3
9 7 3
6 1 3
6 2 3
7 1 3
9 5 3
6 5 3
7 4 3
8 5 3
8 7 3
10 8 3
10 7 3
10 6 3
9 4 3
6 0 3
6 7 3
10 1 3
8 8 3
10 4 3
6 2 3
9 2 2
8 6 2
10 5 2
8 2 2
9 5 2
6 7 2
9 1 2
6 8 2
10 2 2
10 2 2
7 4 2
8 8 2
9 6 2
8 2 2
10 0 2
8 1 2
6 6 2
7 6 2
10 4 2
7 1 2
7 1 2
6 4 2
10 4 2
9 5 2
6 7 2
7 6 2
6 0 2
10 4 2
9 5 2
6 5 1
7 0 1
9 4 1
9 0 1
6 4 1
7 3 1
9 2 1
7 7 1
8 4 1
6 8 1
8 4 1
9 6 1
9 3 1
7 6 1
6 2 1
7 0 1
9 2 1
7 8 1
6 8 1
8 3 1
