110 1
30 
8 2 5
6 7 5
6 0 5
7 6 5
7 2 5
8 0 5
9 7 5
6 8 5
10 0 5
7 7 5
7 7 5
6 2 5
6 3 5
6 2 5
10 5 5
10 7 5
8 5 5
8 1 5
6 1 5
10 0 5
6 0 5
10 4 4
6 1 4
6 7 4
7 8 4
6 5 4
8 8 4
10 8 4
9 4 4
7 0 4
7 5 4
7 3 4
6 8 4
8 7 4
7 4 4
7 3 4
9 8 4
6 5 4
10 8 4
10 2 4
7 3 4
10 1 4
9 3 4
8 7 4
10 6 4
8 4 4
9 4 4
8 6 4
9 4 3
8 3 3
6 7 3
8 4 3
9 6 3
9 0 3
9 7 3
7 8 3
8 0 3
10 7 3
6 7 3
6 3 3
8 5 3
8 8 3
7 7 3
6 6 3
9 4 3
9 4 2
8 3 2
9 6 2
9 1 2
6 4 2
7 7 2
8 5 2
10 2 2
10 0 2
9 7 2
7 6 2
6 2 2
8 6 2
8 1 2
8 0 2
8 4 2
7 7 2
8 4 1
8 7 1
9 1 1
10 3 1
9 3 1
10 6 1
8 0 1
7 1 1
9 6 1
10 6 1
8 8 1
6 4 1
6 3 1
10 2 1
8 2 1
9 8 1
7 3 1
10 1 1
9 3 1
8 1 1
8 1 1
9 8 1
10 1 1
8 8 1
10 1 1
7 8 1
6 3 1
6 6 1
