100 1
30 
8 8 5
10 5 5
6 3 5
7 3 5
8 3 5
9 6 5
9 6 5
6 2 5
6 2 5
7 3 5
6 3 5
10 7 5
7 1 5
10 8 5
8 7 5
8 4 5
7 1 5
10 5 5
8 3 5
9 5 5
7 1 5
9 5 5
7 6 4
10 1 4
7 3 4
6 2 4
7 7 4
8 3 4
9 4 4
7 2 4
7 8 4
10 0 4
9 6 4
7 3 4
9 0 4
7 5 4
6 7 4
8 6 4
7 1 4
8 2 3
9 4 3
8 1 3
7 3 3
10 6 3
7 0 3
10 0 3
9 0 3
9 0 3
7 3 3
6 0 3
8 4 3
7 8 3
8 1 3
6 1 3
6 7 3
10 1 3
9 2 3
8 1 3
8 4 3
8 6 3
7 6 3
8 7 2
9 0 2
6 6 2
6 6 2
10 0 2
6 6 2
10 7 2
7 2 2
8 4 2
10 6 2
7 2 2
6 6 2
10 1 2
8 1 2
8 7 2
9 2 2
9 4 2
7 4 2
10 0 2
10 0 2
9 6 2
7 6 2
9 7 2
6 7 2
9 8 2
8 7 1
8 2 1
6 2 1
6 8 1
10 4 1
9 5 1
6 0 1
6 8 1
6 5 1
6 2 1
8 7 1
10 8 1
9 5 1
7 0 1
