120 1
30 
7 3 5
10 2 5
6 7 5
7 0 5
7 4 5
7 7 5
8 5 5
8 3 5
9 7 5
9 6 5
10 2 5
9 0 5
8 8 5
6 5 5
7 0 5
7 1 5
7 2 5
10 3 5
7 5 5
6 2 5
6 1 4
8 5 4
10 3 4
10 4 4
8 5 4
6 4 4
10 8 4
10 3 4
9 4 4
10 6 4
9 2 4
6 6 4
8 8 4
9 0 4
6 6 4
9 8 4
9 1 4
10 7 4
10 0 4
6 8 4
8 1 4
6 6 4
8 2 4
8 7 4
7 0 4
10 3 4
9 2 4
10 0 4
8 8 3
10 7 3
7 4 3
6 2 3
10 8 3
8 5 3
10 6 3
9 4 3
9 1 3
10 5 3
10 4 3
9 0 3
8 4 3
7 0 3
7 3 3
7 2 3
6 0 3
7 0 3
10 7 3
7 3 3
6 4 3
10 7 2
9 0 2
6 0 2
7 1 2
7 5 2
8 1 2
9 6 2
9 1 2
9 6 2
10 1 2
9 3 2
7 3 2
6 4 2
7 3 2
6 6 2
9 5 2
10 6 2
9 8 2
9 2 2
8 5 2
7 8 2
6 1 2
7 1 2
8 8 1
6 4 1
9 5 1
6 7 1
10 6 1
10 0 1
9 7 1
6 3 1
9 8 1
10 0 1
7 5 1
8 5 1
10 6 1
7 5 1
10 0 1
9 3 1
7 8 1
7 4 1
10 5 1
10 6 1
8 0 1
10 8 1
7 5 1
6 1 1
8 2 1
8 7 1
7 1 1
7 4 1
