90 1
30 
9 5 5
10 4 5
9 5 5
6 6 5
10 7 5
10 8 5
10 8 5
10 5 5
6 7 5
9 1 5
7 7 5
6 0 5
6 7 5
9 1 5
8 2 5
7 5 5
8 3 5
6 2 4
6 6 4
8 0 4
7 2 4
8 4 4
7 8 4
8 8 4
10 5 4
7 6 4
10 5 4
6 6 4
10 4 4
7 0 4
9 7 3
8 8 3
9 4 3
6 8 3
9 0 3
9 8 3
7 1 3
10 1 3
7 5 3
7 5 3
10 7 3
10 0 3
10 3 3
6 4 3
10 8 2
9 2 2
9 4 2
7 4 2
10 7 2
10 5 2
6 1 2
10 8 2
10 8 2
6 1 2
8 3 2
6 1 2
8 0 2
9 2 2
8 7 2
9 8 2
8 8 2
7 3 2
8 3 2
10 7 2
6 5 2
8 1 1
6 3 1
10 1 1
6 4 1
8 4 1
8 7 1
8 0 1
8 7 1
7 1 1
8 1 1
10 5 1
6 7 1
8 3 1
6 5 1
8 7 1
7 7 1
7 6 1
8 8 1
10 1 1
8 5 1
9 3 1
10 4 1
7 3 1
9 1 1
8 2 1
