130 1
30 
8 0 5
8 2 5
9 0 5
6 8 5
7 6 5
7 5 5
7 4 5
7 7 5
8 4 5
7 4 5
10 0 5
9 1 5
7 3 5
8 1 5
9 4 5
10 4 5
6 8 5
9 1 5
6 4 5
7 3 5
7 7 5
10 6 5
6 8 4
6 7 4
9 2 4
8 3 4
7 8 4
8 0 4
8 3 4
7 6 4
10 7 4
9 0 4
6 0 4
7 4 4
6 2 4
10 8 4
7 8 4
10 3 4
8 0 4
7 2 4
9 0 4
6 7 4
8 2 4
10 3 4
8 7 4
8 0 4
10 6 4
8 3 3
8 7 3
9 7 3
7 7 3
7 8 3
7 8 3
10 7 3
9 5 3
9 2 3
6 1 3
9 2 3
9 6 3
7 5 3
9 1 3
8 7 3
6 4 3
8 7 3
10 7 3
9 0 3
9 8 3
7 5 3
7 3 3
8 8 3
6 0 3
8 1 3
10 7 3
10 8 3
6 5 2
7 4 2
8 8 2
9 8 2
8 2 2
7 4 2
8 4 2
10 3 2
7 3 2
8 3 2
8 1 2
7 2 2
8 8 2
10 6 2
6 4 2
6 6 2
6 4 2
8 3 2
6 1 2
10 2 2
8 8 2
10 3 2
9 3 2
9 5 2
9 5 2
8 4 2
6 2 2
7 8 2
8 5 2
7 2 2
8 8 2
6 5 2
9 5 2
9 4 1
10 2 1
9 1 1
6 1 1
8 0 1
8 7 1
10 0 1
9 3 1
10 2 1
6 8 1
7 8 1
6 3 1
8 0 1
9 1 1
6 6 1
6 3 1
9 6 1
8 7 1
9 4 1
8 6 1
9 7 1
8 7 1
9 7 1
