80 1
30 
10 4 5
9 5 5
7 5 5
6 6 5
8 3 5
8 8 5
9 2 5
8 0 5
7 4 5
6 3 5
9 8 5
9 3 5
8 0 5
10 4 5
9 4 5
6 7 5
10 5 5
10 2 4
10 6 4
9 8 4
6 2 4
9 3 4
10 8 4
9 3 4
6 0 4
7 1 4
9 0 4
7 3 4
10 8 4
10 8 4
9 5 4
6 6 4
7 6 4
6 7 4
7 4 4
8 1 4
7 5 3
7 4 3
7 8 3
7 7 3
7 7 3
10 4 3
6 6 3
7 3 3
7 8 3
6 7 3
9 0 3
9 4 3
8 1 3
10 0 3
8 2 3
7 6 3
7 3 3
7 1 3
8 1 2
6 1 2
8 5 2
8 7 2
10 6 2
10 1 2
10 8 2
6 6 2
7 2 2
9 1 2
10 1 2
7 1 2
6 0 2
9 3 2
7 8 2
7 1 2
8 3 2
6 8 1
9 2 1
9 5 1
9 0 1
6 7 1
8 7 1
9 5 1
7 5 1
9 2 1
