130 1
30 
8 6 5
10 8 5
10 1 5
8 2 5
7 0 5
10 3 5
6 3 5
8 1 5
8 3 5
6 3 5
10 0 5
9 0 5
7 2 5
7 0 5
10 7 5
7 6 5
8 6 5
6 4 5
8 0 5
9 3 5
7 5 5
8 0 5
8 1 4
9 7 4
7 5 4
8 5 4
8 6 4
8 4 4
10 8 4
7 4 4
6 8 4
9 2 4
7 1 4
9 3 4
9 0 4
8 2 4
6 8 4
8 7 4
9 6 4
10 2 4
6 2 4
7 8 3
7 1 3
10 6 3
7 8 3
8 2 3
8 5 3
9 5 3
7 2 3
10 7 3
6 1 3
6 1 3
6 1 3
9 2 3
9 7 3
10 2 3
6 4 3
10 6 3
9 1 3
7 4 3
10 8 3
7 2 3
7 4 3
9 1 3
10 4 3
8 5 3
7 8 3
10 1 2
6 1 2
6 4 2
7 2 2
8 1 2
8 1 2
10 6 2
9 0 2
6 8 2
8 3 2
7 2 2
10 0 2
8 0 2
10 7 2
8 8 2
10 1 2
6 5 2
8 7 2
8 2 2
6 0 2
6 5 2
9 7 2
6 4 2
9 1 2
6 8 2
10 2 2
7 5 2
10 0 2
7 2 2
9 7 2
6 2 2
7 3 2
10 4 2
8 2 2
7 8 2
6 2 1
6 0 1
8 8 1
9 4 1
10 5 1
9 8 1
9 3 1
10 4 1
6 5 1
10 0 1
10 6 1
9 0 1
9 1 1
6 8 1
6 2 1
7 0 1
7 6 1
9 3 1
9 8 1
9 0 1
8 1 1
8 7 1
10 2 1
7 5 1
8 3 1
8 0 1
9 8 1
9 8 1
