120 1
30 
9 6 5
9 1 5
10 1 5
10 5 5
7 4 5
6 6 5
7 8 5
6 3 5
6 4 5
8 7 5
10 0 5
8 5 5
8 7 5
10 7 5
6 5 5
6 6 5
7 0 5
6 2 5
9 4 5
8 5 5
10 3 5
9 4 5
6 4 5
7 0 5
6 5 5
9 7 4
7 7 4
10 4 4
9 4 4
8 7 4
7 2 4
10 5 4
8 7 4
7 3 4
7 8 4
6 3 4
7 2 4
8 3 4
10 0 4
9 4 4
10 0 4
9 8 4
7 0 4
9 1 4
10 4 4
9 3 4
6 6 4
8 2 4
7 8 4
7 5 4
10 1 4
10 7 4
6 7 4
6 6 4
6 6 4
8 4 4
6 1 3
6 5 3
7 5 3
6 7 3
6 4 3
8 0 3
6 1 3
9 6 3
10 4 3
8 0 3
10 4 3
8 4 3
8 5 3
8 0 3
7 2 3
9 5 3
6 7 3
7 1 3
7 4 3
6 1 3
8 6 3
8 7 3
8 5 3
8 8 3
10 4 3
9 3 3
10 6 3
9 1 3
6 8 2
10 4 2
10 7 2
9 1 2
6 3 2
6 3 2
10 8 2
10 6 2
7 5 2
9 6 2
10 4 2
8 0 2
7 2 1
6 7 1
9 3 1
6 2 1
9 8 1
8 2 1
9 1 1
10 6 1
10 3 1
10 1 1
10 1 1
9 6 1
6 0 1
7 6 1
7 3 1
8 5 1
6 3 1
6 7 1
7 1 1
9 4 1
8 7 1
10 7 1
7 8 1
8 2 1
