80 1
30 
6 3 5
9 4 5
7 7 5
6 6 5
9 0 5
8 3 5
7 1 5
7 2 5
9 1 5
7 7 5
10 0 5
10 0 5
8 5 5
9 2 5
7 0 5
9 3 4
6 4 4
7 6 4
6 4 4
6 4 4
10 7 4
9 7 4
8 8 4
10 1 4
8 0 4
7 5 4
6 0 4
9 3 4
8 8 4
6 7 3
8 1 3
6 1 3
10 3 3
7 7 3
10 6 3
7 3 3
6 4 3
10 1 3
8 3 3
6 1 3
7 6 3
10 7 3
6 2 3
10 5 3
8 2 2
8 3 2
8 7 2
9 4 2
7 5 2
6 0 2
7 6 2
7 3 2
9 3 2
7 5 2
7 1 2
9 7 2
6 1 2
9 4 2
9 2 2
9 4 2
6 6 2
10 5 2
8 6 2
7 0 1
8 7 1
6 6 1
10 7 1
8 8 1
7 3 1
7 0 1
10 3 1
8 3 1
8 8 1
6 2 1
10 1 1
10 1 1
10 1 1
9 7 1
7 0 1
8 3 1
