100 1
30 
9 6 5
6 2 5
7 0 5
6 6 5
8 7 5
6 6 5
9 4 5
6 7 5
6 7 5
7 3 5
8 1 5
7 1 5
7 4 5
8 1 5
10 4 5
7 6 5
9 3 5
7 0 5
10 1 5
6 7 5
10 3 5
10 5 4
7 4 4
6 8 4
8 0 4
8 8 4
6 8 4
10 6 4
10 7 4
6 0 4
10 2 4
8 2 4
9 2 4
10 0 4
7 3 4
6 1 4
6 4 4
10 2 4
8 7 4
6 8 4
9 3 3
6 0 3
9 7 3
7 8 3
7 8 3
8 5 3
6 8 3
8 5 3
6 0 3
10 6 3
8 7 3
8 7 3
6 2 3
6 3 3
8 5 3
6 2 3
8 1 3
7 5 3
7 2 3
9 2 3
7 1 3
10 8 3
8 6 3
8 4 2
7 0 2
7 5 2
8 4 2
10 5 2
8 8 2
8 6 2
7 7 2
10 4 2
7 2 2
9 8 2
7 7 2
6 2 2
8 5 2
7 3 2
8 1 2
10 2 2
8 8 2
10 8 2
7 4 2
8 2 2
6 1 1
7 1 1
9 8 1
6 6 1
7 2 1
8 3 1
10 0 1
7 1 1
9 6 1
8 7 1
10 2 1
6 2 1
6 1 1
10 6 1
8 1 1
8 0 1
