110 1
30 
7 0 5
6 6 5
6 8 5
7 5 5
8 2 5
8 8 5
8 3 5
6 0 5
8 0 5
6 4 5
10 3 5
7 7 5
8 0 5
6 6 5
9 0 5
7 5 5
9 5 5
9 2 5
6 0 5
10 8 5
7 0 5
7 7 5
6 3 5
10 1 5
10 8 4
8 0 4
8 3 4
10 5 4
10 4 4
9 1 4
9 6 4
10 7 4
7 5 4
6 2 4
6 3 4
10 2 4
6 7 4
9 7 4
6 2 4
7 0 4
7 8 4
8 5 4
8 7 4
9 3 4
9 6 3
9 2 3
9 2 3
8 7 3
7 3 3
6 8 3
10 5 3
9 1 3
7 0 3
7 7 3
7 1 3
7 6 3
7 0 3
9 2 3
6 4 3
6 5 3
10 8 3
7 0 3
8 5 3
7 2 3
6 7 3
6 5 3
8 0 3
7 5 3
10 1 3
10 5 2
7 6 2
8 3 2
9 6 2
6 2 2
8 1 2
6 5 2
9 1 2
9 3 2
10 8 2
6 5 2
9 6 2
6 5 2
6 6 2
8 3 2
6 6 2
6 0 2
9 7 2
10 0 2
6 5 2
6 5 2
7 2 1
6 0 1
7 2 1
10 6 1
10 2 1
10 2 1
7 0 1
8 5 1
10 0 1
8 2 1
10 2 1
8 0 1
10 8 1
7 1 1
10 7 1
10 5 1
7 3 1
6 2 1
9 7 1
8 0 1
