130 1
30 
7 6 5
6 1 5
9 1 5
8 6 5
7 5 5
9 2 5
7 5 5
6 8 5
6 3 5
9 6 5
7 8 5
6 4 5
10 8 5
9 8 5
8 4 5
9 7 5
7 0 5
6 5 5
6 7 5
9 6 5
7 8 5
6 6 4
10 1 4
10 0 4
7 0 4
7 8 4
9 2 4
6 5 4
6 8 4
8 1 4
6 7 4
10 4 4
7 6 4
10 4 4
9 3 4
8 3 4
9 8 4
9 4 4
7 8 4
10 0 4
9 2 4
9 1 4
7 3 4
7 1 4
7 4 4
6 4 4
6 2 4
7 0 4
6 4 4
6 8 4
10 6 4
10 0 3
9 2 3
7 1 3
6 8 3
9 1 3
8 7 3
7 8 3
9 1 3
7 2 3
10 6 3
8 0 3
9 3 3
8 6 3
10 8 3
9 1 3
9 6 3
8 3 3
6 4 3
7 4 3
10 0 3
9 6 3
6 7 2
7 1 2
7 7 2
9 8 2
9 1 2
9 5 2
7 2 2
6 3 2
8 1 2
10 8 2
9 0 2
9 1 2
7 3 2
6 1 2
7 3 2
9 8 2
6 6 2
10 8 2
10 5 2
6 1 2
7 5 2
6 7 2
6 7 2
10 7 2
6 1 2
9 2 2
10 7 1
6 1 1
8 3 1
10 5 1
9 2 1
10 2 1
6 4 1
6 5 1
10 8 1
6 2 1
8 0 1
9 0 1
7 5 1
9 4 1
10 5 1
6 4 1
7 0 1
9 2 1
8 7 1
9 2 1
8 4 1
8 8 1
8 8 1
6 0 1
8 3 1
10 0 1
10 5 1
9 7 1
8 8 1
6 4 1
8 6 1
8 2 1
