130 1
30 
9 6 5
9 2 5
8 6 5
8 4 5
6 8 5
7 1 5
8 4 5
9 4 5
7 1 5
9 8 5
8 3 5
8 2 5
6 5 5
6 2 5
6 3 5
6 5 5
8 4 5
6 2 5
9 6 5
6 2 5
7 8 5
10 4 5
8 1 5
9 6 5
10 8 5
9 7 5
6 3 5
8 7 5
6 0 4
6 2 4
8 0 4
10 2 4
8 2 4
8 3 4
7 1 4
9 7 4
9 0 4
7 0 4
10 2 4
6 0 4
7 2 4
10 1 4
6 5 4
8 4 4
9 5 4
9 8 4
9 1 4
8 0 4
6 8 4
10 2 4
9 2 4
9 6 4
6 5 4
7 3 4
6 3 4
6 8 3
9 3 3
10 2 3
8 8 3
6 4 3
7 1 3
9 7 3
7 7 3
8 2 3
8 3 3
9 3 3
6 8 3
7 3 3
10 0 3
8 3 3
9 4 3
9 7 3
6 4 3
8 4 3
6 1 3
8 0 3
9 0 3
6 2 3
8 8 3
10 1 3
6 1 3
8 7 3
8 0 3
10 8 2
8 4 2
9 4 2
7 2 2
6 1 2
9 4 2
7 1 2
10 2 2
9 2 2
6 6 2
8 2 2
9 3 2
8 4 2
7 6 2
9 5 2
7 6 2
9 5 2
9 0 2
10 1 2
8 0 2
7 8 2
8 0 1
6 3 1
6 3 1
9 2 1
10 6 1
8 2 1
8 4 1
8 6 1
9 7 1
10 7 1
7 5 1
9 1 1
9 8 1
7 8 1
10 3 1
6 8 1
6 0 1
9 5 1
7 0 1
8 7 1
6 6 1
10 1 1
10 0 1
10 6 1
8 2 1
7 0 1
