110 1
30 
8 0 5
8 7 5
10 1 5
9 0 5
9 4 5
10 1 5
6 4 5
6 0 5
10 4 5
6 6 5
10 7 5
7 8 5
10 6 5
9 3 5
8 6 5
7 0 5
7 4 5
6 0 5
6 2 5
10 6 5
7 8 5
9 7 5
7 0 5
7 2 5
8 2 5
9 6 4
6 2 4
7 1 4
8 4 4
8 5 4
8 5 4
8 7 4
10 4 4
9 3 4
9 5 4
9 8 4
6 8 4
9 7 4
7 6 4
7 0 4
9 2 4
6 8 4
6 3 4
8 5 4
9 8 4
10 6 4
7 4 4
9 6 4
8 1 3
8 2 3
6 5 3
10 4 3
6 0 3
6 0 3
10 2 3
9 7 3
9 3 3
8 6 3
10 2 3
7 7 3
10 8 3
10 1 3
10 0 3
7 3 3
9 4 3
10 7 2
8 7 2
6 2 2
9 3 2
7 0 2
8 7 2
9 3 2
10 2 2
8 0 2
9 1 2
6 8 2
10 4 2
10 5 2
6 3 2
8 2 2
8 1 2
6 0 2
7 3 2
8 7 2
10 3 2
8 2 2
10 7 2
6 7 2
6 5 2
10 8 1
6 1 1
10 6 1
8 0 1
8 3 1
9 3 1
6 5 1
9 1 1
7 0 1
7 7 1
9 1 1
9 3 1
10 0 1
7 3 1
7 1 1
7 6 1
7 2 1
10 6 1
7 4 1
6 2 1
6 8 1
