130 1
30 
8 8 5
9 1 5
8 8 5
9 4 5
6 6 5
10 8 5
7 4 5
6 0 5
8 2 5
6 5 5
10 7 5
8 6 5
6 6 5
10 4 5
9 2 5
6 5 5
9 2 5
10 4 5
10 0 5
7 3 5
6 7 5
8 6 5
10 0 5
8 0 5
7 4 5
6 3 5
8 1 5
9 3 5
9 4 5
6 5 5
9 2 5
10 8 5
9 4 5
6 8 5
7 7 4
7 2 4
7 3 4
10 0 4
9 4 4
9 0 4
7 5 4
7 1 4
7 8 4
10 1 4
10 1 4
9 2 4
10 4 4
8 1 4
6 6 4
8 3 4
10 1 4
7 7 3
7 6 3
8 5 3
7 4 3
6 1 3
7 2 3
6 2 3
9 6 3
10 7 3
8 7 3
10 6 3
9 6 3
10 5 3
9 6 3
9 7 3
8 3 3
10 4 3
7 3 3
6 3 3
9 7 3
8 3 3
8 2 3
10 6 3
7 2 3
8 2 3
8 2 2
7 3 2
8 1 2
10 2 2
9 7 2
6 4 2
7 4 2
9 4 2
6 2 2
8 2 2
9 6 2
9 7 2
8 6 2
7 4 2
6 1 2
9 5 2
7 0 2
8 8 2
8 6 2
6 6 2
8 6 2
9 5 2
10 3 2
9 3 2
8 8 1
9 7 1
6 8 1
7 5 1
9 7 1
10 1 1
10 3 1
7 8 1
8 2 1
8 3 1
8 4 1
8 7 1
8 6 1
7 4 1
10 7 1
10 7 1
9 3 1
7 3 1
7 7 1
7 1 1
10 0 1
9 5 1
9 6 1
10 7 1
6 7 1
7 6 1
7 7 1
6 8 1
7 1 1
8 4 1
