80 1
30 
8 8 5
8 1 5
8 2 5
8 8 5
8 0 5
6 4 5
7 0 5
8 5 5
6 3 5
6 3 5
9 8 5
8 6 5
10 3 5
10 7 5
9 8 4
8 2 4
7 4 4
8 6 4
8 3 4
10 4 4
8 0 4
8 7 4
6 5 4
7 6 4
7 1 4
7 1 4
7 8 4
7 3 4
8 3 4
8 7 4
9 1 4
9 5 4
8 4 4
10 5 3
8 0 3
6 3 3
10 6 3
9 0 3
9 3 3
7 3 3
10 0 3
7 6 3
8 5 3
9 1 3
7 6 3
7 2 3
8 2 3
9 7 3
6 0 3
6 7 2
9 0 2
10 8 2
9 4 2
10 4 2
9 2 2
6 0 2
8 7 2
10 0 2
8 2 2
10 3 2
9 3 2
6 4 2
10 0 1
8 3 1
9 0 1
7 7 1
7 0 1
7 3 1
8 4 1
10 7 1
6 0 1
8 8 1
6 4 1
8 5 1
10 1 1
8 4 1
10 6 1
6 5 1
10 3 1
10 3 1
