120 1
30 
6 7 5
7 8 5
9 1 5
9 0 5
7 7 5
6 0 5
8 3 5
10 0 5
6 5 5
7 4 5
9 4 5
10 2 5
6 5 5
10 0 5
10 8 5
6 2 5
8 6 5
10 8 5
7 1 5
9 1 4
9 0 4
10 0 4
7 6 4
10 6 4
7 4 4
7 0 4
10 8 4
8 5 4
9 7 4
8 0 4
7 6 4
9 3 4
10 3 4
7 5 4
6 4 4
8 0 4
7 2 4
10 8 4
6 5 4
8 0 4
7 0 4
6 4 3
6 4 3
8 1 3
9 2 3
10 2 3
7 3 3
8 3 3
6 1 3
7 7 3
8 2 3
9 6 3
8 8 3
7 8 3
9 1 3
10 7 3
8 7 3
7 2 3
7 4 3
9 1 3
6 2 3
8 4 3
8 2 3
10 7 3
9 0 3
10 1 2
8 4 2
8 3 2
9 3 2
10 7 2
6 0 2
6 2 2
6 5 2
10 4 2
9 5 2
8 7 2
9 5 2
6 2 2
10 4 2
10 2 2
7 6 2
9 0 2
10 4 2
7 8 2
8 7 2
8 6 2
6 3 2
6 2 2
8 5 2
10 5 2
10 0 2
7 0 2
8 8 2
6 8 2
7 6 2
9 4 1
8 2 1
6 7 1
6 7 1
10 5 1
7 5 1
8 2 1
6 2 1
9 4 1
7 2 1
6 7 1
9 7 1
10 0 1
8 8 1
6 3 1
9 4 1
8 4 1
8 7 1
6 4 1
8 5 1
10 6 1
10 5 1
9 6 1
10 4 1
10 1 1
