110 1
30 
7 1 5
8 3 5
8 6 5
8 0 5
7 7 5
7 6 5
9 6 5
6 1 5
7 4 5
7 7 5
6 8 5
8 4 5
7 8 5
6 1 5
8 5 5
8 3 5
8 0 5
10 8 5
6 4 5
7 8 5
6 5 5
7 7 5
10 7 5
8 5 5
9 0 5
10 0 5
10 4 5
7 1 4
8 7 4
9 7 4
10 2 4
8 5 4
6 3 4
8 5 4
9 8 4
6 5 4
6 7 4
8 5 4
9 6 4
9 7 4
7 5 4
8 6 4
10 0 4
6 5 4
10 1 4
6 7 4
9 5 4
9 3 4
9 0 4
8 4 3
9 1 3
6 5 3
6 1 3
7 2 3
7 3 3
6 0 3
9 8 3
7 8 3
6 2 3
7 4 3
6 6 3
9 8 3
7 0 3
8 6 3
6 1 3
7 2 3
6 7 3
7 5 3
8 6 2
6 0 2
7 7 2
7 1 2
6 5 2
7 1 2
9 8 2
7 0 2
10 0 2
10 5 2
9 7 2
8 6 2
6 8 2
8 8 2
7 6 2
10 3 2
8 8 2
8 0 2
6 5 2
6 4 2
6 3 2
8 0 2
8 4 1
7 8 1
7 2 1
8 2 1
9 7 1
10 8 1
6 3 1
9 3 1
10 8 1
9 3 1
7 0 1
6 0 1
7 6 1
8 0 1
8 6 1
7 7 1
9 7 1
9 4 1
10 6 1
7 4 1
