120 1
30 
9 5 5
6 0 5
7 0 5
7 1 5
8 6 5
7 1 5
8 7 5
8 6 5
9 3 5
6 4 5
6 4 5
8 7 5
8 1 5
8 1 5
7 4 5
10 6 5
7 2 5
8 8 5
7 8 5
9 0 5
7 7 5
6 6 5
8 8 5
7 3 4
10 6 4
9 3 4
7 4 4
6 6 4
8 3 4
9 3 4
9 4 4
9 5 4
8 7 4
9 8 4
6 2 4
10 7 4
7 3 4
8 0 4
10 7 4
9 5 4
8 8 4
6 0 4
10 6 4
10 7 4
8 6 3
9 7 3
9 2 3
9 1 3
8 7 3
6 1 3
9 3 3
10 2 3
6 1 3
8 3 3
9 5 3
7 2 3
9 5 3
10 8 3
6 8 3
6 3 3
8 7 3
8 2 3
7 1 3
7 1 3
6 4 3
7 4 3
6 4 2
9 3 2
9 5 2
7 2 2
10 7 2
10 5 2
9 5 2
10 8 2
10 8 2
7 3 2
9 6 2
10 1 2
10 5 2
9 8 2
8 3 2
8 2 2
10 8 2
9 1 2
8 1 2
8 2 2
9 7 2
8 0 2
7 2 2
8 6 2
6 4 2
8 1 2
10 1 1
7 8 1
8 1 1
8 0 1
7 8 1
9 0 1
6 4 1
10 6 1
8 8 1
7 1 1
8 5 1
10 5 1
7 8 1
6 4 1
6 1 1
7 4 1
10 1 1
7 0 1
7 3 1
8 0 1
9 6 1
10 1 1
6 3 1
8 7 1
6 0 1
8 1 1
7 8 1
10 0 1
