80 1
30 
6 0 5
9 2 5
7 7 5
10 7 5
9 7 5
7 5 5
8 8 5
10 7 5
10 2 5
9 2 5
7 3 5
7 1 5
7 8 5
6 4 5
8 6 5
7 7 5
6 6 5
7 7 5
6 2 4
10 0 4
9 7 4
10 1 4
9 1 4
8 5 4
10 2 4
9 1 4
8 4 4
8 7 4
10 1 4
8 3 4
9 5 4
6 8 4
7 7 4
10 3 4
8 6 4
8 4 4
10 8 3
6 7 3
10 2 3
9 6 3
7 6 3
9 5 3
9 3 3
8 4 3
6 6 3
6 2 3
9 2 3
10 4 3
9 8 3
9 0 2
9 5 2
7 7 2
6 2 2
8 0 2
9 3 2
8 3 2
8 8 2
6 2 2
10 0 2
9 7 2
8 0 2
7 5 2
7 7 2
6 1 2
8 6 2
9 8 1
10 4 1
9 6 1
6 6 1
10 7 1
8 6 1
9 3 1
7 7 1
10 2 1
8 1 1
8 1 1
6 1 1
10 2 1
8 1 1
7 1 1
