110 1
30 
8 5 5
8 6 5
9 2 5
8 7 5
10 5 5
9 2 5
9 0 5
8 6 5
8 1 5
10 1 5
7 3 5
9 4 5
6 0 5
7 6 5
9 5 5
9 1 5
9 5 5
9 1 4
10 2 4
6 4 4
10 8 4
10 4 4
10 8 4
8 3 4
9 4 4
7 7 4
7 7 4
7 4 4
6 4 4
6 7 4
9 3 4
8 5 4
7 0 4
10 1 4
9 2 4
8 4 4
10 4 4
8 8 3
10 8 3
7 3 3
10 4 3
10 5 3
6 8 3
8 2 3
7 5 3
6 6 3
6 8 3
6 4 3
6 7 3
8 0 3
9 2 3
9 2 3
10 4 3
8 0 3
7 7 3
6 7 3
8 7 3
10 6 3
6 8 3
7 5 3
10 5 3
10 8 2
10 0 2
10 5 2
9 3 2
7 6 2
7 8 2
10 8 2
9 7 2
6 7 2
7 2 2
6 3 2
6 2 2
9 5 2
6 5 2
7 8 2
6 0 2
8 1 2
10 1 2
9 0 2
8 7 2
6 4 2
8 0 2
9 4 2
9 1 2
6 0 2
7 8 1
7 4 1
9 4 1
9 7 1
7 2 1
10 2 1
7 8 1
8 0 1
7 0 1
10 7 1
8 0 1
7 3 1
10 2 1
7 8 1
9 4 1
9 0 1
9 7 1
8 1 1
7 5 1
9 8 1
7 5 1
6 6 1
6 1 1
9 1 1
