100 1
30 
8 0 5
10 8 5
6 6 5
9 4 5
10 0 5
6 2 5
10 1 5
8 2 5
7 8 5
10 1 5
7 1 5
8 1 5
6 4 5
8 2 5
8 1 5
7 8 5
7 8 5
7 5 5
10 7 5
8 0 5
8 8 5
6 7 5
7 5 4
10 2 4
6 4 4
8 5 4
8 4 4
10 3 4
7 4 4
8 4 4
6 7 4
8 4 4
8 2 4
6 3 4
8 6 4
6 0 4
9 0 4
10 5 4
10 2 4
10 1 4
7 4 4
6 3 4
9 4 4
6 4 4
7 3 4
10 5 3
6 2 3
7 3 3
6 6 3
6 1 3
9 0 3
9 2 3
6 1 3
10 5 3
7 5 3
6 7 3
7 6 3
10 4 3
7 6 3
10 5 3
6 0 3
10 2 3
10 0 3
7 3 3
8 2 3
7 6 3
10 3 2
6 7 2
6 3 2
7 1 2
9 2 2
7 2 2
8 5 2
9 6 2
9 3 2
10 8 2
9 2 2
9 2 2
9 5 2
10 3 2
9 8 2
8 8 2
7 6 2
10 0 2
10 6 2
9 2 1
7 6 1
9 6 1
10 2 1
8 8 1
10 8 1
7 2 1
8 4 1
8 0 1
10 4 1
10 8 1
9 3 1
8 6 1
8 0 1
7 8 1
