90 1
30 
6 4 5
10 1 5
10 4 5
7 5 5
7 5 5
10 6 5
7 1 5
6 6 5
10 7 5
7 5 5
10 0 5
6 2 5
6 7 5
10 0 5
8 7 5
8 5 5
6 1 5
9 3 5
6 1 5
9 7 5
10 2 4
7 5 4
10 8 4
7 1 4
8 5 4
9 1 4
10 2 4
6 2 4
8 1 4
7 0 4
9 3 4
10 8 4
10 5 4
6 8 3
7 6 3
8 1 3
6 7 3
6 5 3
7 1 3
6 6 3
6 5 3
6 3 3
9 5 3
6 6 3
6 1 3
7 5 3
7 8 3
7 6 3
6 5 3
6 5 3
9 1 3
7 7 2
9 1 2
6 2 2
9 6 2
10 7 2
10 4 2
7 0 2
8 5 2
9 7 2
10 1 2
8 2 2
6 5 2
7 5 2
9 0 2
9 2 2
10 1 2
6 0 1
6 7 1
10 2 1
7 8 1
6 8 1
8 5 1
8 7 1
9 8 1
10 1 1
10 4 1
6 5 1
8 5 1
10 5 1
7 0 1
6 6 1
8 4 1
10 6 1
9 0 1
6 5 1
9 5 1
10 0 1
6 8 1
9 5 1
