100 1
30 
6 2 5
10 1 5
7 7 5
10 4 5
10 6 5
6 1 5
7 4 5
8 0 5
7 0 5
8 3 5
8 1 5
6 6 5
7 1 5
8 5 5
9 5 5
10 3 5
7 5 5
8 0 4
9 6 4
7 7 4
7 1 4
9 8 4
7 6 4
9 3 4
10 6 4
9 1 4
7 5 4
9 5 4
9 8 4
9 5 4
9 8 4
8 3 4
10 0 4
9 6 4
8 3 4
9 8 4
6 6 4
6 0 4
10 2 4
10 0 4
6 8 3
6 3 3
7 5 3
6 1 3
6 7 3
7 7 3
6 0 3
8 6 3
6 5 3
10 6 3
8 6 3
9 2 3
10 7 3
7 8 3
6 5 3
9 7 3
10 7 3
6 6 3
10 3 3
10 6 3
9 7 2
6 7 2
9 6 2
10 0 2
8 3 2
6 3 2
7 1 2
10 2 2
9 8 2
7 8 2
9 4 1
9 8 1
6 3 1
8 8 1
9 4 1
6 0 1
9 4 1
6 6 1
7 4 1
8 2 1
7 2 1
8 1 1
8 3 1
9 2 1
7 8 1
6 3 1
6 5 1
10 5 1
8 1 1
9 1 1
6 4 1
6 5 1
8 0 1
7 1 1
7 4 1
7 2 1
10 1 1
9 8 1
9 6 1
8 3 1
