130 1
30 
7 1 5
8 0 5
10 1 5
6 1 5
7 6 5
9 2 5
8 8 5
8 7 5
7 0 5
8 6 5
9 4 5
10 5 5
7 7 5
8 1 5
9 2 5
9 7 5
6 6 5
9 7 5
10 8 5
10 4 5
10 5 5
8 8 5
9 5 5
9 2 5
7 3 5
6 5 5
8 3 5
6 3 5
6 6 4
8 1 4
9 0 4
6 7 4
7 4 4
10 8 4
8 4 4
6 5 4
6 5 4
10 6 4
8 1 4
9 3 4
8 0 4
8 3 4
7 8 4
7 0 4
9 3 4
7 4 4
6 1 4
10 3 4
6 6 4
9 7 4
7 5 4
10 7 4
6 2 4
8 3 4
10 6 4
7 4 3
6 3 3
8 7 3
9 2 3
8 6 3
8 2 3
10 6 3
10 5 3
10 6 3
8 2 3
7 4 3
10 4 3
7 1 3
9 0 3
7 7 3
8 8 3
7 4 3
9 6 3
10 6 3
7 7 2
6 0 2
6 5 2
8 0 2
6 8 2
10 4 2
8 1 2
8 8 2
9 3 2
8 5 2
6 3 2
6 1 2
9 7 2
7 4 2
7 4 2
6 7 2
8 2 2
10 7 2
7 2 2
9 7 2
8 6 2
9 1 2
10 1 2
6 3 2
10 3 2
6 3 2
8 7 1
10 4 1
10 0 1
6 6 1
10 0 1
8 3 1
7 0 1
9 7 1
6 8 1
7 2 1
9 0 1
6 3 1
8 3 1
7 1 1
9 1 1
9 7 1
7 0 1
6 8 1
9 5 1
8 1 1
7 2 1
10 0 1
6 6 1
7 6 1
7 3 1
9 2 1
10 5 1
10 6 1
7 0 1
9 5 1
