80 1
30 
10 8 5
9 7 5
8 0 5
10 1 5
6 0 5
6 0 5
6 4 5
9 0 5
8 4 5
6 7 5
10 0 5
6 6 5
6 5 4
7 0 4
9 4 4
9 1 4
10 7 4
6 6 4
9 7 4
9 8 3
8 8 3
9 2 3
9 0 3
7 3 3
7 8 3
10 6 3
10 5 3
8 5 3
9 3 3
9 2 3
6 5 3
6 7 3
10 1 3
6 2 3
6 5 3
6 5 3
9 8 3
9 5 3
7 6 3
7 5 3
7 1 3
10 5 3
7 8 3
9 7 2
10 3 2
9 4 2
10 7 2
9 6 2
8 4 2
9 8 2
6 5 2
8 4 2
9 0 2
7 7 2
9 1 2
6 6 2
8 8 2
6 2 2
9 2 2
9 1 2
7 1 2
10 8 1
9 2 1
8 0 1
7 8 1
6 1 1
6 1 1
6 7 1
10 0 1
7 8 1
7 7 1
10 8 1
9 6 1
8 8 1
6 7 1
8 6 1
7 8 1
7 1 1
7 4 1
10 6 1
