130 1
30 
9 7 5
10 2 5
9 8 5
9 1 5
9 0 5
8 2 5
6 8 5
7 8 5
9 3 5
10 8 5
7 7 5
6 7 5
6 4 5
7 5 5
6 4 5
6 0 5
9 5 5
8 3 5
7 7 5
9 1 5
7 0 5
9 6 5
6 7 5
7 4 5
10 3 5
9 5 5
7 7 5
8 3 5
9 1 5
6 6 5
10 0 4
9 2 4
9 7 4
6 2 4
6 2 4
6 8 4
6 1 4
7 5 4
9 2 4
8 7 4
7 8 4
6 7 4
6 6 4
6 0 4
9 8 4
10 3 4
10 8 4
10 5 4
9 0 4
8 7 4
8 0 4
8 8 4
8 6 4
8 3 4
7 0 4
8 0 4
6 5 4
9 8 4
6 0 4
8 6 4
8 7 4
8 7 4
6 7 4
9 2 4
10 0 4
10 6 4
8 3 3
8 6 3
9 1 3
9 3 3
9 5 3
9 8 3
6 1 3
10 2 3
10 4 3
6 4 3
9 2 3
6 2 3
6 3 3
10 3 3
9 4 3
9 0 3
6 8 3
6 2 3
9 2 2
10 4 2
9 1 2
10 6 2
9 8 2
10 3 2
7 5 2
9 6 2
8 8 2
8 7 2
10 0 2
9 6 2
8 3 2
7 4 2
10 6 2
8 6 2
8 0 2
10 5 2
10 3 2
9 3 2
8 0 2
9 6 2
9 8 2
9 0 2
7 1 2
10 3 2
7 6 2
10 3 2
8 1 2
8 0 2
6 8 2
7 8 1
6 8 1
7 1 1
7 3 1
6 8 1
6 5 1
7 8 1
6 3 1
8 4 1
7 6 1
9 6 1
9 4 1
7 6 1
6 0 1
8 4 1
