100 1
30 
6 1 5
9 8 5
9 0 5
9 1 5
10 6 5
9 5 5
9 1 5
10 2 5
8 8 5
7 0 5
8 3 5
9 0 5
10 4 5
7 7 5
7 1 5
8 1 5
6 0 5
9 2 5
9 0 5
6 0 5
9 8 4
8 5 4
9 1 4
6 7 4
7 2 4
8 2 4
8 3 4
6 4 4
10 5 4
7 3 4
10 0 4
10 6 4
6 0 4
10 1 4
7 0 4
10 7 4
9 4 4
9 5 4
7 4 4
7 4 4
9 8 4
10 4 3
6 0 3
9 4 3
6 1 3
10 7 3
10 4 3
9 0 3
10 6 3
9 0 3
6 1 3
7 8 3
9 1 3
10 1 3
6 0 3
10 6 3
7 3 3
7 8 3
8 2 3
9 1 3
6 4 3
9 4 3
8 5 3
8 8 3
6 7 3
6 4 2
6 7 2
9 0 2
10 3 2
8 1 2
8 4 2
8 4 2
6 7 2
8 6 2
6 0 2
9 3 2
7 1 2
9 6 1
10 4 1
8 8 1
9 0 1
6 6 1
10 3 1
8 2 1
9 4 1
6 2 1
7 6 1
8 1 1
10 0 1
7 3 1
9 7 1
6 3 1
10 1 1
7 6 1
6 5 1
7 1 1
8 0 1
6 1 1
8 1 1
10 8 1
