120 1
30 
6 8 5
6 5 5
6 5 5
7 3 5
6 8 5
9 3 5
6 4 5
9 3 5
9 1 5
7 3 5
6 5 5
6 4 5
9 0 5
10 7 5
10 0 5
8 1 5
9 6 5
9 0 5
10 7 5
9 8 5
6 4 4
10 1 4
8 4 4
8 1 4
6 3 4
6 7 4
8 1 4
6 7 4
6 5 4
6 4 4
6 5 4
8 5 4
8 4 4
10 2 4
8 6 4
9 7 4
10 4 4
7 8 4
6 0 4
8 0 4
9 2 4
9 1 4
9 4 4
8 5 4
9 1 4
8 6 3
8 5 3
7 5 3
9 1 3
6 1 3
9 4 3
6 0 3
10 3 3
7 6 3
6 6 3
6 7 3
9 8 3
10 5 3
6 5 3
6 4 3
8 7 3
8 5 3
9 2 3
10 4 3
8 2 3
9 8 3
9 1 3
7 0 3
10 7 3
7 5 3
9 6 3
9 3 3
9 0 3
8 0 2
9 8 2
10 6 2
9 4 2
9 1 2
8 5 2
10 3 2
8 4 2
10 3 2
10 4 2
9 7 2
10 4 2
7 8 2
9 6 2
6 4 2
9 7 2
9 1 2
10 5 2
6 1 2
7 0 2
7 1 2
7 1 2
9 4 2
8 7 2
7 3 2
10 7 2
8 5 2
10 2 2
6 4 2
9 7 2
6 4 1
10 8 1
8 4 1
6 2 1
6 7 1
10 0 1
8 5 1
7 3 1
9 8 1
7 6 1
9 5 1
9 1 1
10 3 1
6 4 1
8 3 1
7 8 1
6 2 1
