100 1
30 
9 8 5
9 2 5
10 2 5
10 0 5
8 0 5
10 6 5
10 0 5
10 5 5
9 5 5
9 4 5
8 0 5
9 1 5
10 1 5
8 8 5
6 2 5
7 7 5
10 0 5
6 7 5
8 0 5
9 8 5
6 8 5
6 5 5
8 7 5
9 3 4
8 7 4
6 0 4
8 8 4
7 6 4
9 8 4
7 0 4
9 5 4
8 0 4
10 2 4
7 3 4
8 8 4
8 1 4
10 1 4
10 1 4
7 7 3
9 3 3
6 2 3
8 0 3
9 0 3
10 5 3
9 1 3
9 6 3
8 8 3
9 4 3
7 7 3
7 0 3
7 2 3
10 8 3
7 4 3
10 2 3
6 0 3
10 7 3
7 8 3
7 0 3
10 1 2
6 8 2
9 8 2
9 0 2
6 6 2
9 1 2
6 4 2
6 7 2
10 7 2
7 6 2
8 0 2
8 4 2
9 7 2
6 2 2
10 6 2
10 0 2
7 5 2
10 1 2
8 0 2
7 8 2
10 3 2
7 2 2
6 0 2
7 0 1
7 3 1
7 7 1
10 4 1
9 1 1
8 0 1
6 4 1
7 4 1
8 7 1
8 1 1
9 8 1
7 0 1
10 6 1
9 0 1
10 4 1
8 7 1
7 7 1
9 1 1
9 2 1
