120 1
30 
6 3 5
8 5 5
8 2 5
9 1 5
6 0 5
7 3 5
6 1 5
10 4 5
9 7 5
10 4 5
6 1 5
8 3 5
9 5 5
8 0 5
10 1 5
10 0 5
6 4 5
9 1 5
10 3 5
10 5 5
9 3 5
6 1 5
9 7 5
7 7 5
8 4 5
10 4 5
8 8 5
7 5 4
7 8 4
9 2 4
9 4 4
8 7 4
6 0 4
6 1 4
6 5 4
9 2 4
8 2 4
9 3 4
6 4 4
6 4 4
7 8 4
6 1 4
9 1 4
9 3 4
7 3 4
9 3 4
6 6 4
8 8 3
9 7 3
8 8 3
9 2 3
6 2 3
10 7 3
7 6 3
10 6 3
9 4 3
9 2 3
8 3 3
10 3 3
6 8 3
6 7 3
9 4 3
7 2 2
8 3 2
6 1 2
9 6 2
7 0 2
8 1 2
10 0 2
6 3 2
10 3 2
7 5 2
10 6 2
6 2 2
8 0 2
8 4 2
8 5 2
7 7 2
6 2 2
10 1 2
8 1 2
6 0 2
7 6 2
9 5 2
6 1 2
7 6 2
10 3 2
8 8 2
9 2 2
6 6 2
10 3 2
7 2 2
10 7 2
6 1 2
10 4 1
9 0 1
8 7 1
6 5 1
6 1 1
9 2 1
8 8 1
8 5 1
6 3 1
6 6 1
9 3 1
7 8 1
10 8 1
7 4 1
9 8 1
6 2 1
7 6 1
7 8 1
9 0 1
10 7 1
9 0 1
9 3 1
9 4 1
8 5 1
10 5 1
10 6 1
