120 1
30 
6 8 5
7 0 5
7 0 5
8 6 5
8 1 5
10 2 5
6 4 5
6 7 5
9 8 5
9 2 5
6 2 5
8 2 5
8 1 5
6 8 5
10 1 5
10 8 5
10 7 5
9 3 5
6 8 5
9 8 5
10 5 5
7 2 5
6 2 5
10 5 5
8 3 5
10 0 5
8 6 5
6 6 5
9 2 5
7 0 5
9 5 5
10 0 4
7 1 4
7 7 4
9 2 4
7 5 4
6 7 4
6 7 4
8 6 4
10 3 4
9 4 4
9 0 4
7 4 4
9 1 4
7 0 4
10 6 4
6 8 4
8 6 4
7 5 4
8 3 4
6 4 4
8 3 4
6 5 4
10 4 4
9 8 4
7 6 4
9 5 4
6 2 4
9 5 4
9 2 4
8 1 4
8 3 4
6 7 4
6 8 4
9 0 3
8 7 3
10 8 3
9 3 3
8 2 3
9 3 3
6 7 3
7 2 3
8 8 3
7 6 3
7 5 3
6 6 3
10 3 3
10 4 3
7 2 3
6 0 3
8 5 3
8 2 3
6 1 3
8 5 3
7 4 3
10 7 2
6 4 2
7 4 2
8 4 2
10 4 2
8 2 2
8 3 2
10 5 2
8 0 2
10 3 2
7 2 2
9 1 2
8 4 2
9 7 2
7 8 2
6 4 2
7 0 1
9 4 1
9 1 1
7 5 1
8 2 1
7 8 1
6 4 1
9 6 1
10 6 1
6 7 1
8 5 1
9 6 1
6 1 1
8 0 1
9 3 1
9 7 1
9 6 1
7 6 1
10 0 1
