90 1
30 
8 7 5
9 8 5
10 8 5
8 3 5
9 2 5
8 6 5
10 6 5
10 8 5
9 5 5
7 2 5
9 6 5
10 5 5
6 1 5
8 2 5
6 3 5
10 0 4
6 0 4
8 0 4
10 1 4
6 4 4
7 6 4
10 4 4
6 8 4
6 7 4
9 2 4
7 3 4
9 5 4
9 4 4
8 7 4
6 1 4
6 8 4
7 5 4
8 2 4
9 2 3
8 6 3
7 2 3
7 7 3
10 2 3
6 0 3
10 6 3
8 4 3
9 0 3
6 8 3
10 4 3
8 6 3
8 3 3
10 4 3
9 5 3
9 4 3
6 3 3
9 5 3
9 6 3
9 2 3
8 0 2
6 1 2
8 6 2
6 1 2
10 0 2
6 0 2
10 1 2
6 7 2
7 3 2
10 2 2
9 5 2
6 5 2
9 1 2
10 6 2
6 4 2
6 3 2
8 1 2
8 2 2
7 5 2
10 5 1
10 6 1
10 3 1
9 0 1
10 6 1
9 2 1
7 0 1
7 3 1
8 7 1
10 8 1
9 6 1
8 2 1
10 5 1
10 6 1
7 7 1
9 2 1
10 4 1
7 3 1
