100 1
30 
6 0 5
10 6 5
8 0 5
10 3 5
10 5 5
10 6 5
6 2 5
10 8 5
10 7 5
7 2 5
7 3 5
9 0 5
10 5 5
6 5 5
7 2 5
9 6 5
9 1 4
9 4 4
10 3 4
6 6 4
10 4 4
10 5 4
8 3 4
10 4 4
8 6 4
7 0 4
10 0 4
7 4 4
8 2 4
10 7 4
7 4 4
6 6 4
7 5 4
6 0 4
7 7 4
7 0 3
7 7 3
8 4 3
7 6 3
6 6 3
9 8 3
6 6 3
6 3 3
6 2 3
9 6 3
8 2 3
7 3 3
10 1 3
10 6 3
10 7 3
9 4 3
9 6 3
7 8 3
8 6 3
9 3 3
8 5 3
6 3 3
10 4 3
7 5 3
8 7 3
8 2 2
7 3 2
6 0 2
9 5 2
6 3 2
8 8 2
10 0 2
10 5 2
6 4 2
6 3 2
10 2 2
9 5 2
7 0 2
8 2 2
7 5 2
9 4 2
10 5 2
7 3 2
10 4 2
10 2 2
6 8 2
8 4 2
9 1 2
7 8 1
8 7 1
10 4 1
6 5 1
10 1 1
9 6 1
8 6 1
10 7 1
6 7 1
10 6 1
9 1 1
9 5 1
8 0 1
8 7 1
7 1 1
6 5 1
7 1 1
